-0.453125 -0.015625 -0.09375 0.305099
0.4375 -0.015625 -0.09375 0.305099
-0.015625 0.21875 -0.1875 0.216313
-0.015625 -0.25 -0.203125 0.207824
0.734375 0.28125 -0.25 0.157836
-0.75 0.28125 -0.25 0.149953
0.734375 -0.296875 -0.265625 0.146637
-0.75 -0.3125 -0.265625 0.144591
-0.3125 0.140625 0.265625 0.120528
0.578125 0.140625 0.265625 0.120527
-0.609375 0.140625 0.265625 0.11841
0.28125 0.3125 -0.296875 0.115937
-0.609375 -0.15625 0.28125 0.115937
-0.328125 -0.15625 0.28125 0.115937
0.296875 -0.15625 0.28125 0.115937
0.5625 -0.15625 0.28125 0.115937
0.296875 0.109375 0.28125 0.115937
-0.328125 0.3125 -0.296875 0.115086
0.265625 -0.34375 -0.296875 0.112702
0.78125 0.015625 -0.296875 0.110687
-0.3125 -0.34375 -0.296875 0.108145
-0.796875 -0.078125 -0.3125 0.100312
0.484375 0.328125 -0.3125 0.10025
0.46875 -0.359375 -0.3125 0.0984492
0.25 0.34375 -0.09375 0.0984492
-0.28125 0.34375 -0.0625 0.0984492
-0.625 0.34375 -0.0625 0.0977385
-0.8125 -0.21875 -0.0625 0.0953364
0.796875 -0.203125 -0.0625 0.0953364
-0.53125 -0.359375 -0.3125 0.094677
-0.53125 0.34375 -0.234375 0.0938098
0.640625 -0.359375 -0.0625 0.0924983
-0.671875 -0.359375 -0.0625 0.0923979
0.796875 0.125 -0.0625 0.0912652
0.578125 0.34375 -0.0625 0.0912652
0.21875 -0.359375 -0.0625 0.09076
-0.46875 -0.015625 0.296875 0.0857708
-0.8125 0.15625 -0.0625 0.085731
-0.265625 -0.359375 -0.0625 0.0851018
0.109375 -0.03125 -0.328125 0.0846877
-0.8125 0.34375 -0.046875 0.0840003
0.40625 0.359375 -0.15625 0.0828242
0.796875 0.359375 -0.046875 0.0828242
-0.15625 -0.03125 -0.328125 0.0814629
-0.828125 0.0625 -0.203125 0.0797114
0.8125 -0.046875 -0.125 0.0797114
0.8125 -0.375 -0.078125 0.0793736
0.4375 -0.015625 0.296875 0.0785127
-0.46875 0.359375 -0.078125 0.0769715
0.046875 -0.03125 -0.046875 0.0767825
-0.75 0.0625 -0.328125 0.0719471
-0.828125 -0.078125 -0.140625 0.0698514
0.6875 0.234375 -0.015625 0.0692945
0.203125 -0.1875 -0.34375 0.0690627
0.1875 0.109375 -0.34375 0.0690627
-0.09375 -0.0625 -0.03125 0.0684376
-0.828125 -0.015625 -0.03125 0.0684376
-0.25 -0.203125 -0.34375 0.0678453
-0.453125 -0.390625 -0.1875 0.0671995
0.375 -0.390625 -0.171875 0.0671995
0.515625 -0.390625 -0.171875 0.0671995
-0.828125 -0.390625 -0.078125 0.0671995
-0.53125 -0.390625 -0.078125 0.0671995
0.390625 -0.390625 -0.046875 0.0671995
-0.25 0.15625 -0.34375 0.066684
-0.578125 0.21875 -0.34375 0.0657406
0.640625 -0.03125 0.203125 0.0629158
0.234375 0.1875 0.140625 0.0621943
-0.25 -0.03125 0.203125 0.0621943
0.671875 -0.125 -0.34375 0.0619493
-0.25 -0.203125 0.140625 0.0616179
0.640625 -0.203125 0.140625 0.0616179
-0.25 -0.015625 0.328125 0.0614231
0.640625 -0.015625 0.328125 0.0614231
-0.03125 -0.015625 -0.34375 0.061414
-0.40625 -0.390625 -0.078125 0.0609999
-0.1875 0.375 -0.34375 0.0609035
0.828125 -0.140625 -0.34375 0.0598638
-0.25 0.203125 0.09375 0.0590816
0.640625 0.203125 0.09375 0.0590816
-0.65625 0.203125 0.109375 0.0590816
-0.46875 0.203125 0.1875 0.0590816
0.40625 0.203125 0.1875 0.0590816
-0.46875 0.203125 0.328125 0.0590816
0.421875 0.203125 0.328125 0.0590816
0.125 0.375 -0.34375 0.059046
0.53125 0.375 -0.1875 0.0568373
-0.59375 -0.390625 -0.1875 0.0566943
0.828125 -0.140625 -0.21875 0.0563776
0.375 0.375 -0.03125 0.0560374
-0.671875 -0.21875 0.125 0.0559089
-0.671875 -0.015625 0.203125 0.0559089
0.234375 -0.21875 0.140625 0.0552745
-0.484375 -0.21875 0.203125 0.0552576
-0.671875 -0.015625 0.328125 0.0546138
-0.59375 -0.234375 -0.34375 0.0543702
0.5625 -0.234375 -0.34375 0.0543702
0.640625 0.109375 -0.34375 0.0543702
0.5625 0.1875 -0.34375 0.0543702
-0.671875 -0.15625 -0.34375 0.0542262
-0.609375 0.375 -0.34375 0.0540581
-0.4375 -0.265625 -0.359375 0.0534375
0.375 -0.25 -0.359375 0.0534375
-0.65625 0.109375 -0.359375 0.0534375
-0.46875 0.21875 -0.359375 0.0534375
-0.484375 0.34375 -0.359375 0.0534375
0.421875 -0.21875 0.203125 0.053057
0.234375 -0.03125 0.203125 0.053057
-0.140625 -0.390625 -0.015625 0.0528126
0.5 -0.390625 -0.015625 0.0528126
0.15625 -0.25 -0.015625 0.0528126
-0.15625 0.375 -0.015625 0.0528126
0.09375 0.375 -0.015625 0.0528126
0.390625 0.203125 -0.359375 0.0527084
-0.703125 0.21875 0 0.0523262
-0.21875 0.21875 0 0.0523262
0.203125 0.234375 0 0.0520613
-0.234375 0.375 -0.1875 0.0515997
-0.40625 0.390625 -0.171875 0.0515745
-0.1875 -0.40625 -0.359375 0.0515742
0.0625 -0.40625 -0.015625 0.0515742
-0.203125 -0.265625 -0.015625 0.051471
0.78125 -0.015625 -0.015625 0.0513685
0.125 -0.40625 -0.359375 0.0510728
0.59375 -0.40625 -0.359375 0.0503972
-0.09375 0.390625 -0.359375 0.0501318
0.828125 0.109375 -0.1875 0.0501122
-0.34375 -0.40625 -0.15625 0.050014
0.171875 0.390625 -0.203125 0.0498323
-0.234375 -0.40625 -0.1875 0.0495582
0.59375 0.390625 -0.359375 0.0494618
-0.125 0.03125 -0.015625 0.0490556
-0.84375 0.125 -0.34375 0.0490224
0.84375 0.140625 -0.359375 0.0484617
0.84375 0.234375 -0.078125 0.0484617
0.84375 -0.09375 -0.015625 0.0484452
0.21875 -0.09375 -0.359375 0.0484302
0.28125 0.15625 -0.359375 0.0482779
0.109375 -0.15625 -0.015625 0.0480516
-0.484375 -0.21875 0.34375 0.0478377
0.421875 -0.21875 0.34375 0.0478377
0.234375 -0.03125 0.34375 0.0478377
-0.859375 -0.171875 -0.203125 0.0475557
0.671875 -0.25 0.015625 0.0473926
0.453125 0.390625 -0.046875 0.0471513
0.078125 -0.03125 -0.1875 0.0468152
-0.125 -0.03125 -0.1875 0.0465961
-0.234375 0.09375 0.140625 0.046392
0.65625 0.09375 0.140625 0.046392
0.4375 0.09375 0.34375 0.0455046
-0.359375 0 0.34375 0.0455041
-0.453125 0.09375 0.34375 0.0455041
-0.171875 0.09375 -0.359375 0.0449235
0.09375 0.0625 -0.015625 0.0449235
0.21875 -0.125 0.15625 0.0444469
0.03125 0.390625 -0.359375 0.0441427
-0.6875 -0.03125 -0.359375 0.0439606
-0.859375 0.03125 -0.359375 0.0439606
-0.15625 -0.171875 -0.015625 0.0439596
-0.859375 0.390625 -0.359375 0.0438643
-0.359375 -0.21875 -0.359375 0.0437205
-0.265625 -0.109375 -0.359375 0.0437205
-0.859375 0.390625 -0.140625 0.0436437
0.84375 0.390625 -0.359375 0.0435681
0.84375 0.390625 -0.140625 0.0435681
-0.578125 0.21875 0.125 0.0434568
-0.34375 0.21875 0.125 0.0434568
0.3125 0.21875 0.125 0.0434568
0.546875 0.21875 0.125 0.0434568
-0.578125 -0.234375 0.15625 0.0434568
0.328125 -0.234375 0.15625 0.0434568
-0.375 0.171875 -0.359375 0.0433629
-0.203125 0.265625 -0.359375 0.0433629
-0.265625 -0.3125 -0.171875 0.0433044
-0.078125 -0.03125 -0.125 0.0431681
0.6875 0.390625 -0.09375 0.0428712
-0.703125 -0.25 0 0.0425384
-0.359375 -0.234375 0.15625 0.0425239
0.53125 -0.234375 0.15625 0.0425239
0.21875 0.078125 0.15625 0.0425239
-0.59375 0 0.34375 0.0424585
0.46875 -0.234375 -0.359375 0.0424244
-0.46875 0.09375 0.25 0.0423925
0.578125 -0.40625 -0.25 0.0423748
0.171875 -0.40625 -0.1875 0.042366
0.171875 0.203125 -0.359375 0.0423331
-0.46875 -0.359375 -0.015625 0.0420415
-0.234375 -0.125 0.171875 0.0418446
0.53125 0 0.34375 0.0417438
-0.0625 0.390625 -0.015625 0.0416992
0.65625 -0.125 0.15625 0.0415711
-0.59375 -0.015625 0.21875 0.0413527
-0.375 0.3125 -0.15625 0.0410404
0.28125 -0.328125 -0.15625 0.0410311
0.25 0.21875 0.0625 0.0409753
-0.765625 -0.15625 -0.1875 0.0409048
-0.671875 -0.109375 0.15625 0.0407679
0.75 0.0625 -0.171875 0.0407317
-0.78125 -0.109375 -0.015625 0.0407317
-0.859375 -0.203125 -0.359375 0.0407271
-0.265625 0.046875 -0.359375 0.0404744
0.21875 0.171875 -0.28125 0.0404327
0.640625 -0.046875 -0.359375 0.0403814
0.21875 0 -0.359375 0.0403814
0.21875 0.21875 0.34375 0.0403149
-0.6875 0.109375 0.125 0.0402837
0.671875 0.21875 0.171875 0.0402837
0.671875 -0.234375 0.21875 0.0402837
0.671875 -0.234375 0.34375 0.0402837
0.4375 0.3125 -0.015625 0.0400662
0.140625 0.140625 -0.015625 0.0399594
0.671875 0.390625 -0.015625 0.0398691
-0.34375 -0.015625 0.21875 0.0397897
0.546875 -0.015625 0.21875 0.0397897
-0.71875 0.234375 -0.078125 0.0396578
-0.265625 0.28125 -0.171875 0.0395839
0.296875 -0.1875 -0.359375 0.0395346
-0.203125 -0.296875 -0.359375 0.0395222
0.46875 0.21875 0.140625 0.0395007
0.21875 -0.296875 -0.171875 0.0394759
-0.453125 0.390625 -0.3125 0.0394399
0.234375 -0.40625 -0.171875 0.0392261
-0.171875 0.390625 -0.09375 0.0391715
-0.203125 0.390625 -0.25 0.0388997
-0.375 -0.34375 -0.171875 0.0388703
0.84375 -0.40625 -0.359375 0.0386817
0.734375 -0.125 -0.203125 0.0385914
0.53125 0.28125 -0.203125 0.0385914
-0.234375 -0.234375 0.046875 0.0383191
0.84375 0.015625 -0.046875 0.0380816
-0.796875 0.015625 -0.109375 0.0379772
0.21875 0.21875 0.21875 0.0379083
-0.640625 -0.40625 -0.375 0.0378125
-0.4375 -0.40625 -0.375 0.0378125
-0.109375 -0.40625 -0.375 0.0378125
0.125 -0.328125 -0.375 0.0378125
0.578125 -0.328125 -0.375 0.0378125
-0.515625 -0.234375 -0.375 0.0378125
-0.171875 -0.171875 -0.375 0.0378125
0.578125 -0.15625 -0.375 0.0378125
-0.609375 -0.140625 -0.375 0.0378125
0.625 0.015625 -0.375 0.0378125
-0.09375 0.046875 -0.375 0.0378125
0.015625 0.046875 -0.375 0.0378125
0.265625 0.0625 -0.375 0.0378125
0.078125 0.078125 -0.375 0.0378125
0.71875 0.125 -0.375 0.0378125
0.46875 0.171875 -0.375 0.0378125
0.140625 0.265625 -0.375 0.0378125
0.578125 0.265625 -0.375 0.0378125
-0.5625 0.296875 -0.375 0.0378125
-0.6875 0.390625 -0.375 0.0378125
0.375 0.390625 -0.375 0.0378125
-0.46875 -0.15625 0.359375 0.0378125
0.421875 -0.140625 0.359375 0.0378125
0.671875 -0.109375 0.359375 0.0378125
0.34375 -0.046875 0.359375 0.0378125
0.671875 0.0625 0.359375 0.0378125
0.671875 0.203125 0.359375 0.0378125
-0.390625 -0.34375 -0.015625 0.0377443
0.84375 -0.40625 -0.171875 0.0377014
0.125 0.015625 -0.234375 0.0376985
0.46875 -0.359375 -0.078125 0.0376868
0.125 0.390625 -0.078125 0.0376868
0.328125 0.21875 0.359375 0.0376308
-0.046875 0.03125 -0.015625 0.0375841
-0.640625 0.015625 -0.375 0.0374882
-0.046875 -0.40625 -0.015625 0.0374668
-0.484375 -0.125 0.21875 0.0373268
-0.3125 0.390625 -0.171875 0.0372846
0.75 -0.109375 -0.375 0.0372179
-0.78125 -0.40625 0 0.0371876
0.734375 -0.40625 0 0.0371876
-0.859375 -0.34375 0 0.0371876
-0.5625 -0.34375 0 0.0371876
0.078125 -0.34375 0 0.0371876
-0.78125 -0.328125 0 0.0371876
0.3125 -0.328125 0 0.0371876
0.734375 -0.328125 0 0.0371876
-0.140625 -0.3125 0 0.0371876
0.828125 -0.3125 0 0.0371876
0 -0.140625 0 0.0371876
-0.859375 -0.125 0 0.0371876
0.75 -0.109375 0 0.0371876
-0.15625 0.09375 0 0.0371876
0.78125 0.234375 0 0.0371876
0.125 0.28125 0 0.0371876
0.3125 0.28125 0 0.0371876
-0.515625 0.296875 0 0.0371876
-0.40625 0.296875 0 0.0371876
-0.40625 0.375 0 0.0371876
0 0.375 0 0.0371876
-0.53125 0.390625 0 0.0371876
0.171875 0.390625 0 0.0371876
0.421875 -0.140625 0.21875 0.0371857
0.3125 -0.03125 0.21875 0.0371857
0.84375 0.25 0 0.0371253
-0.671875 0.046875 0.15625 0.0370886
0.671875 -0.203125 0.0625 0.0370865
-0.78125 0.140625 -0.375 0.0370195
-0.171875 0.28125 0 0.0368407
-0.375 -0.40625 0 0.0368359
-0.203125 0.0625 -0.296875 0.036607
0.109375 -0.15625 -0.375 0.0365727
-0.640625 -0.078125 -0.375 0.0365462
-0.078125 -0.359375 0 0.0364926
-0.5625 -0.328125 -0.203125 0.0364029
0.4375 0.078125 0.25 0.0363989
0 0.046875 0 0.0363832
0.578125 0.390625 -0.265625 0.0363228
-0.53125 0.140625 -0.375 0.0360346
0.734375 -0.125 -0.28125 0.0359945
-0.859375 -0.421875 -0.375 0.0359492
0.015625 -0.421875 -0.375 0.0359492
0.359375 -0.421875 -0.375 0.0359492
-0.796875 0.40625 -0.375 0.0359492
-0.546875 0.40625 -0.375 0.0359492
-0.453125 0.40625 -0.375 0.0359492
-0.265625 0.40625 -0.375 0.0359492
0.1875 0.40625 -0.375 0.0359492
0.65625 0.40625 -0.375 0.0359492
0.765625 0.40625 -0.375 0.0359492
0.140625 -0.421875 -0.28125 0.0359492
0.109375 0.40625 -0.265625 0.0359492
-0.203125 -0.421875 -0.25 0.0359492
-0.4375 0.40625 -0.25 0.0359492
0.375 0.40625 -0.25 0.0359492
-0.640625 0.40625 -0.203125 0.0359492
0.59375 0.40625 -0.203125 0.0359492
0.609375 -0.421875 -0.1875 0.0359492
0.28125 0.40625 -0.1875 0.0359492
0.625 0.40625 -0.15625 0.0359492
0.125 0.40625 -0.140625 0.0359492
-0.1875 -0.421875 -0.125 0.0359492
-0.78125 0.40625 -0.125 0.0359492
0.109375 -0.421875 -0.078125 0.0359492
0.53125 -0.421875 -0.078125 0.0359492
-0.109375 0.40625 -0.0625 0.0359492
-0.390625 0.40625 -0.046875 0.0359492
-0.734375 0.40625 0 0.0359492
0.28125 0.40625 0 0.0359492
0.546875 -0.328125 -0.21875 0.0358219
0.5 -0.1875 -0.375 0.035754
-0.15625 0.40625 -0.265625 0.0356803
0.28125 -0.421875 -0.140625 0.0356693
-0.078125 -0.09375 -0.375 0.0356677
0 -0.09375 -0.375 0.0356677
-0.859375 0.1875 -0.375 0.0355661
-0.234375 -0.234375 0.359375 0.0354936
-0.15625 0.296875 -0.375 0.0354707
-0.859375 0.0625 0 0.0353937
-0.78125 0.0625 0 0.0353937
-0.859375 0.234375 0 0.0353937
0.84375 -0.234375 -0.375 0.0352869
-0.21875 -0.140625 -0.296875 0.0351763
0.84375 0.046875 -0.140625 0.0351641
0.578125 -0.328125 -0.15625 0.0351455
-0.515625 0.40625 -0.328125 0.0351403
-0.859375 0.046875 -0.09375 0.0351324
-0.546875 0.40625 -0.140625 0.0351105
0.453125 0.21875 0.25 0.0349779
0.328125 -0.34375 -0.109375 0.0348949
-0.09375 -0.03125 -0.25 0.0348768
-0.734375 0.40625 -0.078125 0.0348358
0.6875 0.328125 0 0.0347111
0.09375 -0.0625 -0.125 0.0346732
-0.859375 0.25 -0.109375 0.0346715
0.765625 0.25 -0.0625 0.0346692
-0.6875 0.40625 -0.15625 0.0346158
0.28125 -0.125 -0.375 0.0345814
0.296875 -0.421875 0 0.0344679
-0.640625 0.234375 0.015625 0.034261
0.84375 0.203125 -0.375 0.0342529
-0.328125 -0.15625 -0.375 0.0341682
0.84375 0.125 -0.28125 0.0340359
0.6875 -0.265625 -0.078125 0.0340104
-0.28125 -0.046875 -0.375 0.033977
0.015625 0.40625 -0.046875 0.033937
0.6875 0.3125 -0.078125 0.0338898
-0.171875 0.40625 -0.171875 0.0338767
0.671875 0.03125 0.171875 0.0338683
-0.578125 -0.421875 0 0.033823
-0.140625 -0.25 0 0.0336895
-0.078125 -0.15625 0 0.0336752
0.671875 -0.09375 0.265625 0.0336404
0.359375 0.21875 0.265625 0.0336404
-0.609375 0.40625 -0.15625 0.0335426
0.484375 0.046875 0.359375 0.0335269
-0.234375 0.21875 0.171875 0.0335264
-0.40625 0.046875 0.359375 0.0335264
-0.234375 0.21875 0.359375 0.0335264
0.53125 -0.328125 0 0.0333555
0.15625 -0.125 -0.28125 0.0333076
0.15625 0.0625 -0.265625 0.033282
-0.328125 -0.015625 0.28125 0.0331841
0.5625 -0.015625 0.28125 0.0331841
-0.53125 -0.34375 -0.15625 0.0331461
0.09375 0 -0.125 0.0331321
-0.171875 0.171875 -0.375 0.0330696
0.421875 0.125 0.21875 0.0330679
-0.40625 0.21875 0.359375 0.0330679
0.484375 0.21875 0.359375 0.0330679
-0.515625 0.234375 -0.296875 0.0330124
0.140625 -0.265625 -0.375 0.0329509
0.21875 -0.265625 0.015625 0.0328913
0.59375 0.25 0.015625 0.0328913
0.234375 0.234375 -0.171875 0.0328584
0.5625 0.109375 -0.375 0.0328476
0.625 0.171875 -0.375 0.0328476
-0.875 -0.1875 -0.296875 0.0328367
-0.875 0.046875 -0.296875 0.0328367
-0.875 0.40625 -0.296875 0.0328367
-0.875 -0.046875 -0.21875 0.0328367
-0.875 0.40625 -0.203125 0.0328367
-0.875 -0.421875 -0.1875 0.0328367
-0.875 0.15625 -0.171875 0.0328367
-0.875 -0.34375 -0.140625 0.0328367
-0.875 -0.109375 -0.0625 0.0328367
-0.875 -0.421875 0 0.0328367
0.859375 -0.359375 -0.375 0.0328364
0.859375 -0.078125 -0.375 0.0328364
0.859375 0.3125 -0.375 0.0328364
0.859375 0.40625 -0.296875 0.0328364
0.859375 -0.421875 -0.28125 0.0328364
0.859375 -0.1875 -0.28125 0.0328364
0.859375 -0.109375 -0.28125 0.0328364
0.859375 0.40625 -0.203125 0.0328364
0.859375 -0.21875 -0.1875 0.0328364
0.859375 0.015625 -0.1875 0.0328364
0.859375 -0.34375 -0.15625 0.0328364
0.859375 -0.171875 -0.15625 0.0328364
0.859375 0.15625 -0.15625 0.0328364
0.859375 -0.296875 -0.140625 0.0328364
0.859375 0.203125 -0.140625 0.0328364
0.859375 0.3125 -0.125 0.0328364
0.859375 -0.421875 0 0.0328364
0.859375 -0.03125 0 0.0328364
-0.71875 0.15625 -0.375 0.0328352
-0.875 0.3125 -0.375 0.0328352
0.671875 0.015625 0.265625 0.0327942
0.71875 -0.421875 -0.125 0.0327299
0.15625 0.40625 -0.28125 0.0327039
0.125 -0.0625 -0.21875 0.0326149
0 -0.03125 -0.265625 0.032567
0 -0.03125 -0.140625 0.032567
0.65625 -0.421875 -0.375 0.0325601
-0.5 -0.421875 0 0.0325387
0.3125 0.21875 0.203125 0.0324676
-0.875 0.125 -0.265625 0.032444
-0.15625 -0.34375 -0.375 0.0323203
-0.875 -0.265625 -0.15625 0.0323079
0.671875 0.125 0.078125 0.0322759
0.4375 -0.421875 -0.109375 0.0322695
0 -0.359375 0 0.0322008
0.078125 -0.28125 0 0.0322008
0.484375 0.40625 -0.109375 0.0321686
0.453125 0.3125 -0.078125 0.0321236
0.65625 -0.421875 -0.15625 0.032048
0.671875 -0.078125 0.125 0.0320067
-0.609375 -0.3125 -0.171875 0.0319679
-0.421875 -0.21875 0.171875 0.03196
-0.15625 0 -0.234375 0.0319378
-0.4375 0.296875 -0.1875 0.0318859
0.859375 -0.078125 -0.203125 0.031873
-0.40625 0.21875 0.15625 0.0318718
-0.296875 0.234375 0.03125 0.0317342
-0.578125 0 0.28125 0.0317223
-0.796875 0.234375 0 0.0316761
-0.4375 -0.328125 -0.234375 0.0316226
0.390625 -0.328125 -0.21875 0.0316226
-0.765625 -0.421875 -0.125 0.0316226
0.3125 -0.421875 -0.09375 0.0316226
-0.453125 -0.234375 0.265625 0.0315239
0.75 0.40625 -0.125 0.0315223
-0.734375 0.09375 -0.25 0.0315187
0.203125 -0.21875 -0.25 0.0314443
-0.4375 0.21875 0.25 0.0314178
0.59375 0.21875 0.15625 0.0314126
-0.234375 0.15625 0.15625 0.0314121
-0.296875 0.21875 0.15625 0.0314121
0.125 -0.421875 0 0.0313833
0.484375 0.40625 0 0.0313823
-0.09375 0.078125 0 0.0313783
-0.640625 0.40625 -0.265625 0.0313721
0.671875 -0.15625 0.09375 0.0312593
-0.484375 0.40625 -0.15625 0.0312493
0.4375 -0.34375 -0.1875 0.0312371
0.375 0.40625 -0.3125 0.0311904
-0.390625 0.40625 -0.375 0.0311816
-0.4375 -0.421875 -0.28125 0.0311234
-0.546875 -0.171875 -0.375 0.0310702
0.34375 -0.171875 -0.375 0.0310702
0.34375 0.125 -0.375 0.0310702
-0.765625 0.25 -0.03125 0.0310421
-0.484375 0.265625 -0.3125 0.0310416
0.203125 -0.234375 0.0625 0.0309446
-0.21875 -0.1875 0.0625 0.0309446
-0.21875 0.125 0.078125 0.0309446
-0.21875 -0.15625 0.09375 0.0309446
-0.21875 -0.09375 0.125 0.0309446
-0.21875 0 0.140625 0.0309446
-0.21875 0.03125 0.171875 0.0309446
-0.21875 -0.234375 0.21875 0.0309446
-0.21875 -0.09375 0.265625 0.0309446
-0.21875 0.015625 0.265625 0.0309446
-0.21875 -0.234375 0.296875 0.0309446
-0.21875 -0.109375 0.34375 0.0309446
-0.21875 0.046875 0.34375 0.0309446
0.4375 0.40625 -0.234375 0.0309348
-0.640625 -0.015625 0.265625 0.0308728
-0.421875 -0.203125 -0.375 0.0308595
-0.78125 -0.046875 -0.203125 0.0307674
0.859375 0.140625 -0.234375 0.0306556
0.3125 0.15625 0.15625 0.0306098
0.6875 0.140625 0.03125 0.0305536
-0.0625 0 -0.078125 0.0305457
0.109375 -0.09375 0 0.0304379
-0.03125 0.40625 -0.375 0.0304375
-0.4375 -0.296875 -0.28125 0.0304375
-0.328125 0.109375 -0.375 0.0303974
0.515625 -0.359375 -0.09375 0.0303929
-0.6875 0.046875 0.359375 0.0303719
-0.546875 0.046875 0.359375 0.0303719
-0.6875 0.21875 0.359375 0.0303719
-0.546875 0.21875 0.359375 0.0303719
-0.71875 -0.265625 -0.109375 0.030359
-0.5625 -0.0625 0.359375 0.0303307
0.5 -0.0625 0.359375 0.0303307
0.859375 0.03125 0 0.0303078
0.171875 0.3125 0 0.0302868
0.5 0.296875 -0.140625 0.0302677
0.5625 0.28125 -0.15625 0.0301836
0.421875 -0.1875 0.265625 0.0301642
0.265625 -0.03125 0.265625 0.0301642
-0.46875 -0.1875 0.296875 0.0301642
0.421875 -0.140625 0.296875 0.0301642
0.3125 -0.03125 0.296875 0.0301642
0.109375 -0.109375 -0.078125 0.0301628
-0.125 0 -0.09375 0.0301349
-0.265625 -0.265625 -0.203125 0.0300746
-0.46875 0.40625 0 0.0300651
-0.21875 0.09375 0.359375 0.0299828
0.203125 -0.03125 0.28125 0.0299747
0.78125 -0.421875 -0.375 0.0299714
-0.390625 0.40625 -0.109375 0.0299556
0.203125 0.109375 0.109375 0.0299551
0.703125 -0.1875 0.015625 0.0299456
0.40625 -0.09375 0.234375 0.0299251
0.359375 -0.046875 0.234375 0.0299251
-0.625 -0.3125 -0.375 0.0299087
-0.765625 -0.1875 -0.375 0.0299087
-0.734375 0.28125 -0.015625 0.0299025
0.4375 -0.34375 0 0.0298767
-0.328125 -0.328125 -0.140625 0.0298457
-0.546875 0.21875 0.171875 0.0298028
0.75 -0.15625 -0.15625 0.0297983
-0.171875 0.140625 -0.015625 0.0297871
0.625 -0.203125 -0.375 0.0296624
0.671875 0.046875 -0.375 0.0296624
0.671875 -0.125 0.21875 0.0296624
-0.25 -0.28125 -0.125 0.0296464
-0.4375 -0.109375 0.359375 0.029619
-0.734375 -0.203125 -0.140625 0.0295913
-0.515625 -0.109375 0.359375 0.0295699
-0.4375 -0.34375 -0.375 0.02952
-0.59375 0.09375 -0.375 0.02952
-0.65625 0.171875 -0.375 0.02952
-0.765625 0.125 -0.15625 0.0292494
-0.1875 -0.25 -0.375 0.0292363
-0.875 0.1875 -0.140625 0.0292165
0.46875 0.21875 0.203125 0.0292127
-0.53125 -0.0625 0.21875 0.0291767
-0.53125 0.015625 0.21875 0.0291767
0.0625 -0.21875 0 0.0291653
-0.390625 -0.0625 0.359375 0.0290761
-0.671875 -0.421875 -0.15625 0.0290513
-0.453125 0.125 0.203125 0.0290351
-0.0625 -0.421875 -0.359375 0.0290248
0.265625 -0.0625 -0.375 0.0290129
-0.25 0.1875 -0.265625 0.0290079
0.203125 -0.171875 0.09375 0.0289927
-0.4375 0.046875 0.21875 0.0289221
-0.625 0.296875 -0.359375 0.0288992
-0.78125 0.046875 -0.078125 0.0288975
0.359375 0.296875 -0.078125 0.0288975
-0.21875 -0.1875 0.203125 0.0288815
0.640625 0.234375 -0.09375 0.0288155
-0.640625 -0.28125 0 0.0287271
0.171875 -0.234375 -0.078125 0.0287175
-0.59375 -0.28125 -0.25 0.0286965
-0.71875 -0.15625 -0.25 0.0286965
-0.359375 0.40625 -0.203125 0.0286858
-0.359375 0.40625 -0.140625 0.0286858
0.125 0.1875 0 0.0286577
0.421875 0.140625 0.265625 0.0285933
-0.28125 -0.28125 0 0.0285876
0.375 0.296875 0 0.0285871
0.484375 0.296875 0 0.0285871
-0.515625 0.109375 0.359375 0.0285511
0.203125 0.21875 0.28125 0.0285285
-0.828125 0.109375 -0.28125 0.0285099
0.203125 -0.0625 0.140625 0.0284731
-0.25 -0.234375 -0.25 0.0284562
0.296875 -0.25 -0.375 0.0284026
0.65625 0.15625 0.15625 0.0283694
0.671875 -0.1875 0.203125 0.0283694
0.671875 -0.1875 0.359375 0.0283694
-0.125 -0.421875 -0.078125 0.0283277
-0.15625 -0.421875 -0.296875 0.0283072
-0.875 0 -0.125 0.0283067
0.203125 0.21875 -0.078125 0.0282919
0.203125 0.140625 0.078125 0.028291
0.6875 -0.0625 -0.375 0.0282719
0.125 -0.421875 -0.125 0.0282414
-0.78125 0.0625 -0.125 0.0282266
-0.609375 0.265625 -0.15625 0.0282209
0.609375 0.40625 -0.296875 0.0282178
0.546875 -0.28125 -0.265625 0.0282085
0.6875 -0.234375 -0.125 0.0281923
0.6875 0.1875 -0.09375 0.0281889
-0.875 0.296875 -0.125 0.0281849
0.859375 -0.21875 -0.328125 0.028172
-0.75 0.015625 -0.25 0.0281556
-0.328125 0.1875 -0.375 0.0281551
-0.46875 0.125 0.296875 0.0281363
-0.453125 0.25 -0.28125 0.0281348
-0.78125 -0.109375 -0.078125 0.0281117
0.109375 -0.328125 -0.03125 0.0281038
0.109375 0.140625 -0.375 0.028019
0.1875 0.015625 -0.3125 0.0280082
0.3125 0.28125 -0.171875 0.0279801
-0.671875 0.234375 -0.109375 0.027957
-0.6875 -0.21875 0.046875 0.0279565
-0.265625 0.21875 -0.203125 0.0279543
-0.875 -0.265625 -0.375 0.027926
0.734375 0.109375 -0.15625 0.0279214
-0.6875 -0.0625 0.140625 0.027885
-0.234375 0.234375 -0.078125 0.0278792
-0.609375 0.234375 0.046875 0.0278318
-0.640625 -0.25 0.0625 0.0278318
0.609375 -0.25 0.0625 0.0278318
0.5625 0.234375 0.0625 0.0278318
-0.296875 -0.25 0.078125 0.0278318
0.265625 -0.25 0.078125 0.0278318
-0.609375 -0.25 0.09375 0.0278318
0.5625 -0.25 0.109375 0.0278318
-0.53125 0.234375 0.109375 0.0278318
-0.4375 0.234375 0.109375 0.0278318
0.359375 0.234375 0.109375 0.0278318
0.390625 -0.25 0.140625 0.0278318
-0.6875 0.234375 0.171875 0.0278318
0.5 0.234375 0.171875 0.0278318
-0.40625 0.234375 0.203125 0.0278318
-0.21875 0.234375 0.21875 0.0278318
0.265625 0.234375 0.234375 0.0278318
-0.515625 0.234375 0.25 0.0278318
0.4375 -0.25 0.265625 0.0278318
0.671875 -0.25 0.28125 0.0278318
0.234375 0.234375 0.296875 0.0278318
0.3125 0.234375 0.296875 0.0278318
-0.21875 0.234375 0.3125 0.0278318
0.671875 0.234375 0.3125 0.0278318
0.265625 0.234375 0.328125 0.0278318
-0.421875 -0.25 0.359375 0.0278318
0.203125 -0.25 0.359375 0.0278318
-0.640625 0.234375 0.359375 0.0278318
0.609375 0.234375 0.359375 0.0278318
-0.59375 -0.328125 -0.125 0.027807
-0.125 0.40625 -0.296875 0.0277586
-0.765625 -0.109375 -0.203125 0.0277483
0.03125 -0.015625 -0.25 0.0277088
0.40625 0.234375 0.125 0.0277002
-0.46875 0.15625 0.25 0.0277002
-0.875 -0.359375 -0.375 0.0276988
-0.203125 -0.125 -0.34375 0.0276525
0.453125 0.203125 -0.328125 0.0276506
0.453125 -0.25 0.140625 0.0276506
0.203125 0 0.140625 0.0276506
-0.53125 0.28125 -0.328125 0.0276394
0.671875 0 0.125 0.027627
0.328125 -0.328125 -0.1875 0.0276117
-0.875 -0.328125 -0.09375 0.0276117
0.859375 0.03125 -0.09375 0.0275712
0.578125 -0.09375 -0.375 0.0275593
-0.640625 0.234375 0.171875 0.0275588
0.140625 -0.1875 -0.0625 0.027534
-0.21875 0.109375 -0.28125 0.0275333
0.046875 -0.421875 -0.34375 0.0274899
0.0625 0.40625 -0.296875 0.0274899
-0.203125 -0.390625 -0.28125 0.0274899
0.328125 0.40625 -0.21875 0.0274899
0.203125 -0.265625 -0.125 0.0274673
0.359375 0 0.21875 0.0274658
-0.4375 -0.09375 0.21875 0.0274656
0.453125 -0.09375 0.21875 0.0274656
-0.171875 -0.34375 -0.046875 0.0274477
-0.84375 -0.328125 -0.125 0.0274239
-0.390625 0.015625 0.25 0.027395
-0.21875 -0.171875 0.359375 0.0273039
0.734375 -0.3125 -0.09375 0.0272918
0.75 -0.078125 -0.046875 0.0272794
0.609375 -0.296875 -0.140625 0.0272045
0.5 0.21875 -0.375 0.0271747
-0.171875 -0.078125 -0.234375 0.0271199
0.40625 -0.203125 -0.375 0.0270696
-0.453125 0.28125 -0.375 0.0270696
-0.0625 -0.03125 -0.21875 0.0270545
-0.34375 -0.328125 0 0.0270538
-0.6875 -0.15625 0.109375 0.0270483
-0.65625 -0.296875 -0.140625 0.026937
-0.265625 0.40625 -0.234375 0.0269341
-0.21875 0.40625 -0.140625 0.0269341
-0.46875 -0.140625 0.265625 0.0268638
-0.234375 -0.265625 -0.09375 0.0268354
0.234375 -0.265625 -0.203125 0.0267875
0.109375 0.046875 -0.078125 0.026773
-0.5 -0.328125 -0.203125 0.0267725
0.46875 -0.328125 -0.203125 0.0267725
0.734375 -0.3125 -0.046875 0.0267544
0.46875 -0.25 0.359375 0.0267425
0.28125 -0.015625 0.359375 0.0267425
0.203125 0.015625 0.359375 0.0267425
0.109375 -0.390625 -0.046875 0.0267329
-0.546875 -0.1875 0.171875 0.0267255
0.5 0.171875 0.15625 0.0267019
-0.234375 -0.1875 -0.265625 0.0266578
0.21875 0.203125 -0.21875 0.0266201
-0.359375 0.234375 0.359375 0.0266128
0.53125 0.234375 0.359375 0.0266128
-0.46875 -0.421875 -0.03125 0.0266116
0.671875 0.234375 0.25 0.0266008
0.15625 -0.1875 0 0.0265286
0.609375 -0.1875 -0.3125 0.0265219
-0.5 0.234375 0.125 0.0265169
-0.484375 0.234375 0.265625 0.0265169
0.34375 0.234375 0.3125 0.0265169
0.4375 -0.375 -0.125 0.0265038
0.859375 -0.421875 -0.21875 0.0264893
0.203125 0.234375 0.09375 0.0264835
0.3125 -0.234375 -0.3125 0.0264733
0.171875 0.1875 -0.046875 0.0264728
-0.40625 -0.0625 0.21875 0.0264592
0.484375 -0.0625 0.21875 0.0264592
0.484375 0.015625 0.21875 0.0264592
0.390625 0.03125 0.21875 0.0264592
-0.671875 0.40625 -0.328125 0.0264487
-0.875 -0.328125 -0.046875 0.0264347
-0.078125 0 -0.28125 0.0264244
-0.75 0.109375 0 0.0264244
0.5625 -0.3125 -0.328125 0.0263782
-0.5 -0.25 -0.328125 0.0263782
-0.59375 0.296875 -0.328125 0.0263782
0.21875 0.1875 -0.375 0.02632
-0.515625 -0.25 0.140625 0.0262725
0.203125 -0.25 0.203125 0.0262556
0.859375 -0.3125 -0.03125 0.0262513
0.125 0.3125 -0.03125 0.0262513
-0.59375 0.234375 -0.265625 0.0262437
0.859375 0.15625 -0.296875 0.0262399
0.109375 0 0 0.0262392
0.25 0.234375 0.1875 0.0262146
-0.21875 0.15625 0.359375 0.0262122
0.1875 -0.109375 -0.296875 0.0262105
-0.6875 -0.171875 0.171875 0.0261681
0.15625 -0.125 -0.375 0.0261502
-0.296875 0.234375 0.359375 0.0261495
0.71875 0.09375 -0.203125 0.026125
-0.703125 -0.25 -0.078125 0.0261226
0.859375 0.078125 -0.375 0.0261185
0.78125 0.15625 -0.375 0.0261185
-0.71875 -0.203125 0.015625 0.0261147
-0.25 0.40625 -0.28125 0.0261142
-0.828125 -0.171875 -0.15625 0.0261126
0.34375 0.234375 0.21875 0.0261106
-0.4375 0.140625 0.359375 0.0261106
0.453125 0.140625 0.359375 0.0261106
0.4375 -0.421875 -0.21875 0.0260973
-0.6875 0.125 -0.296875 0.0260372
0.859375 0.234375 -0.359375 0.0260231
-0.09375 -0.421875 -0.0625 0.026021
-0.5 0.046875 0.21875 0.0259786
-0.609375 0.140625 -0.375 0.0259447
-0.140625 -0.078125 -0.109375 0.0258992
0.609375 -0.375 -0.171875 0.0258934
-0.65625 -0.21875 -0.375 0.0258901
-0.71875 0.140625 0.015625 0.0258517
0.265625 0.234375 0.015625 0.0258517
-0.484375 -0.125 0.3125 0.0257952
-0.21875 0.03125 -0.375 0.0257576
-0.375 0.234375 0.1875 0.0257401
0.0625 0.40625 -0.0625 0.0257213
-0.578125 -0.328125 -0.046875 0.0257142
-0.671875 0.234375 -0.046875 0.0256815
-0.578125 -0.265625 -0.28125 0.0256782
0.671875 0.09375 -0.28125 0.0256782
0.546875 0.21875 -0.28125 0.0256782
0.609375 -0.265625 -0.375 0.0256531
0.765625 -0.421875 -0.15625 0.0256531
0.859375 -0.125 -0.078125 0.0256329
-0.65625 -0.25 0.1875 0.0256217
0.421875 0.28125 -0.21875 0.0256133
0.0625 0.328125 -0.375 0.0255949
-0.109375 0.328125 0 0.0255949
-0.6875 -0.09375 -0.328125 0.0255578
-0.78125 -0.328125 -0.09375 0.025527
0.40625 -0.109375 0.328125 0.0255263
-0.46875 -0.25 0.140625 0.0255117
-0.484375 -0.1875 -0.375 0.0255015
-0.4375 0.140625 -0.375 0.0255015
-0.703125 -0.140625 -0.28125 0.0254879
-0.234375 0.21875 -0.3125 0.0254655
-0.640625 -0.078125 0.171875 0.025435
0.46875 0.234375 0.296875 0.025373
-0.421875 0.234375 0.296875 0.0253727
0.28125 -0.40625 -0.1875 0.025331
0.765625 -0.1875 -0.375 0.0253284
-0.84375 0.0625 -0.3125 0.0253143
-0.53125 0.1875 0.140625 0.0253036
0.40625 0.234375 0.265625 0.0252979
0.1875 0.40625 -0.3125 0.0252633
0.203125 0.171875 0.046875 0.0252273
-0.0625 0.40625 -0.3125 0.025202
0.3125 0.203125 -0.375 0.0251675
0.375 0.265625 -0.375 0.0251675
0.234375 0.40625 -0.21875 0.025167
-0.640625 -0.15625 0.140625 0.0251265
0.609375 0.328125 -0.375 0.0251184
-0.640625 0.140625 -0.3125 0.0250964
-0.203125 0.296875 -0.3125 0.0250881
0.5625 0.40625 -0.140625 0.0250745
0.453125 0.09375 0.203125 0.0250723
0.109375 0.015625 -0.171875 0.0250447
-0.171875 -0.390625 -0.078125 0.0249999
0.375 -0.296875 -0.265625 0.0249846
0.15625 0.265625 -0.046875 0.0249846
0.15625 0.40625 -0.046875 0.0249846
0.53125 0.40625 -0.375 0.0249779
0.59375 -0.109375 0.171875 0.024977
-0.734375 0.296875 -0.078125 0.0249705
-0.390625 0.296875 -0.078125 0.0249705
-0.53125 -0.421875 -0.21875 0.0249503
0.578125 -0.375 -0.203125 0.0249503
0.578125 -0.421875 -0.140625 0.0249503
-0.328125 0.234375 0.078125 0.0249329
-0.390625 0.234375 0.09375 0.0249143
0.5 0.234375 0.09375 0.0249143
0.34375 0.234375 0.15625 0.0249143
0.609375 -0.28125 0 0.024909
0.703125 -0.203125 -0.140625 0.0248916
0.71875 -0.09375 -0.234375 0.0248473
-0.625 -0.421875 -0.25 0.0248363
0.375 -0.421875 -0.25 0.0247846
-0.84375 -0.421875 -0.15625 0.0247846
-0.53125 -0.421875 -0.15625 0.0247846
-0.140625 0.40625 -0.125 0.0247748
-0.734375 -0.171875 0 0.0247591
-0.78125 0.109375 -0.265625 0.0247579
-0.828125 0.40625 -0.171875 0.0247271
0.375 0.015625 0.359375 0.0246739
-0.703125 0.140625 0.046875 0.0246582
-0.703125 -0.1875 0.0625 0.0246582
0.6875 -0.25 0.09375 0.0246582
0.6875 0.046875 0.09375 0.0246582
0.6875 -0.125 0.109375 0.0246582
0.6875 -0.046875 0.109375 0.0246582
-0.703125 -0.03125 0.125 0.0246582
0.6875 0.140625 0.125 0.0246582
0.6875 0.234375 0.125 0.0246582
0.6875 0.171875 0.140625 0.0246582
0.6875 0.125 0.171875 0.0246582
0.6875 -0.15625 0.1875 0.0246582
0.6875 -0.109375 0.1875 0.0246582
0.6875 0.0625 0.1875 0.0246582
0.6875 0.15625 0.1875 0.0246582
-0.703125 -0.25 0.203125 0.0246582
0.6875 0.09375 0.203125 0.0246582
0.6875 0.03125 0.21875 0.0246582
-0.703125 0.234375 0.21875 0.0246582
0.6875 0.234375 0.21875 0.0246582
0.6875 -0.171875 0.234375 0.0246582
0.6875 -0.0625 0.25 0.0246582
0.6875 0.046875 0.25 0.0246582
0.6875 -0.21875 0.265625 0.0246582
-0.703125 -0.0625 0.265625 0.0246582
-0.703125 0 0.265625 0.0246582
0.6875 -0.046875 0.28125 0.0246582
0.6875 0.0625 0.28125 0.0246582
0.6875 0.203125 0.28125 0.0246582
0.6875 -0.203125 0.296875 0.0246582
0.6875 -0.140625 0.296875 0.0246582
0.6875 -0.109375 0.3125 0.0246582
0.6875 0.03125 0.3125 0.0246582
-0.703125 0.234375 0.3125 0.0246582
0.6875 -0.171875 0.328125 0.0246582
0.6875 0.09375 0.328125 0.0246582
-0.703125 -0.25 0.359375 0.0246582
-0.703125 -0.078125 0.359375 0.0246582
0.6875 0.125 0.359375 0.0246582
-0.796875 0.25 -0.09375 0.0246372
0.46875 -0.203125 0.171875 0.0246224
0.25 0.015625 0.171875 0.0246224
0.578125 -0.296875 -0.1875 0.0246115
-0.125 -0.125 -0.359375 0.0246084
0.734375 0.046875 0 0.0246084
0.859375 0.171875 0 0.0246084
0.296875 -0.390625 -0.125 0.0246067
-0.625 0.015625 0.1875 0.0245979
0.671875 -0.0625 -0.3125 0.0245864
-0.296875 -0.390625 -0.171875 0.0245662
-0.75 0.40625 -0.359375 0.0245469
-0.734375 0.15625 -0.125 0.0245154
0.5 0.015625 0.25 0.0245087
-0.828125 0.40625 -0.328125 0.0245068
-0.28125 0.03125 0.171875 0.0244823
0.6875 -0.0625 0.15625 0.0244749
0.5625 -0.046875 0.359375 0.0244591
0.859375 -0.296875 -0.375 0.0244513
-0.734375 0.3125 0 0.0244465
0.578125 -0.359375 -0.28125 0.024442
-0.75 0.359375 -0.109375 0.0244374
0.734375 -0.078125 -0.1875 0.0244319
0.375 -0.328125 0 0.0244319
-0.1875 -0.109375 -0.265625 0.0244298
-0.1875 -0.21875 -0.046875 0.0244112
-0.203125 -0.203125 0.015625 0.0244112
0.859375 0.40625 -0.09375 0.0243959
0.71875 0.40625 0 0.0243959
0.859375 0.40625 0 0.0243959
0.203125 0 0.265625 0.0243742
-0.21875 -0.046875 0.265625 0.024332
-0.421875 -0.34375 -0.140625 0.0242908
-0.65625 0.234375 -0.375 0.0242834
0.015625 0 -0.296875 0.0242834
-0.859375 -0.109375 -0.21875 0.0242341
-0.015625 0.40625 -0.328125 0.0242283
0.1875 -0.15625 -0.265625 0.0242233
0.390625 0.3125 -0.0625 0.0242231
0.3125 0.34375 0 0.0242231
0.859375 0.09375 -0.140625 0.0242226
0.5625 0.328125 -0.234375 0.0242085
0.484375 0.40625 -0.234375 0.0242085
-0.46875 -0.359375 -0.109375 0.0241923
-0.375 -0.34375 -0.109375 0.0241923
-0.703125 0.171875 0.171875 0.0241771
-0.703125 0.09375 0.359375 0.0241771
0.515625 -0.265625 -0.296875 0.0241635
0.3125 0.234375 0.25 0.0241601
0.375 -0.28125 -0.296875 0.0241425
0.765625 -0.109375 -0.234375 0.0241292
0.46875 0.34375 0 0.0240822
0.34375 0.40625 -0.09375 0.02408
-0.046875 -0.015625 -0.25 0.0240777
-0.25 0.234375 -0.125 0.0240777
-0.859375 0.140625 -0.234375 0.0240376
0.28125 0.234375 0.171875 0.024014
0.046875 -0.125 -0.375 0.0240133
-0.6875 -0.265625 -0.125 0.0239902
-0.703125 0.046875 0.109375 0.0239666
-0.046875 -0.03125 -0.1875 0.0239542
0.53125 0.40625 -0.25 0.023953
0.703125 0.109375 -0.3125 0.0239458
0.6875 -0.015625 0.15625 0.0239227
-0.03125 -0.015625 -0.109375 0.0239146
-0.515625 -0.25 0.265625 0.0239027
-0.21875 -0.109375 -0.375 0.0238972
-0.40625 0.21875 -0.375 0.0238814
0.328125 0.1875 0.171875 0.0238757
0.140625 -0.09375 -0.25 0.0238667
0.859375 0.28125 -0.0625 0.0238409
0.453125 0.28125 -0.203125 0.0238178
0.6875 0.171875 0.046875 0.0237951
-0.734375 0.1875 -0.109375 0.0237811
0.734375 0.203125 -0.078125 0.0237775
-0.3125 0.015625 0.359375 0.0237691
0.578125 0.015625 0.359375 0.0237691
0.78125 -0.09375 -0.203125 0.0237546
-0.875 0.078125 -0.125 0.0237546
-0.140625 -0.40625 -0.328125 0.0237544
-0.1875 -0.359375 -0.328125 0.0237544
0 -0.421875 -0.046875 0.0237544
-0.421875 0.328125 -0.203125 0.0237539
0.328125 0.171875 -0.328125 0.0237455
-0.640625 0.03125 0.359375 0.0237443
-0.234375 0.078125 -0.375 0.0237296
-0.328125 -0.25 0.109375 0.0237179
0.453125 -0.25 0.296875 0.0237179
0.28125 -0.25 0.109375 0.0237176
0.859375 0.1875 -0.328125 0.0237055
0.59375 0.359375 -0.171875 0.0237055
-0.203125 0.328125 -0.28125 0.0237002
0.78125 -0.15625 -0.28125 0.0236866
-0.703125 -0.09375 0.109375 0.0236647
-0.21875 0.234375 0.265625 0.0236528
-0.21875 0.15625 0.046875 0.0236514
-0.703125 0.234375 0.0625 0.0236514
-0.671875 -0.1875 -0.28125 0.0235863
-0.3125 -0.25 0.171875 0.0235744
0.578125 -0.25 0.171875 0.0235744
0.6875 -0.25 0.171875 0.0235744
0.203125 0.125 0.1875 0.0235524
