-0.453125 -0.234375 -0.015625 0.442188
0.4375 -0.234375 -0.015625 0.442188
-0.015625 0.34375 0.125 0.31225
0.625 0.40625 -0.1875 0.260924
-0.640625 0.40625 0.171875 0.260924
-0.390625 0.4375 -0.234375 0.219501
0.46875 0.453125 0.234375 0.200667
0.203125 0.484375 -0.28125 0.176563
-0.734375 0.234375 -0.28125 0.173461
-0.015625 0.078125 -0.28125 0.173251
-0.015625 -0.515625 0.28125 0.160937
0.71875 0.1875 0.28125 0.160937
-0.015625 -0.515625 -0.296875 0.159641
-0.765625 0.53125 -0.296875 0.135925
-0.015625 -0.078125 0.296875 0.13498
0.765625 0.515625 0.15625 0.126586
0.765625 -0.546875 0.3125 0.126586
0.25 0.1875 -0.328125 0.125775
-0.078125 0.359375 -0.328125 0.125202
0.765625 0.078125 -0.328125 0.124418
0.765625 -0.5625 -0.328125 0.1203
-0.78125 -0.5625 0.3125 0.1203
-0.78125 0.078125 0.3125 0.11732
0.3125 0.546875 -0.03125 0.117311
-0.375 0.1875 0.3125 0.115987
-0.78125 -0.5625 -0.328125 0.115813
-0.015625 -0.25 -0.34375 0.114063
0.3125 0.171875 0.328125 0.114063
-0.34375 0.546875 0.328125 0.114063
-0.015625 -0.5625 -0.03125 0.10857
-0.09375 0.5625 -0.234375 0.104675
-0.28125 0.140625 -0.34375 0.101341
-0.359375 0.5625 0.046875 0.100868
0.78125 0.171875 0.03125 0.0987029
0.21875 -0.578125 0.34375 0.0984373
0.78125 -0.0625 0.34375 0.0984373
0.296875 0.265625 -0.109375 0.0961618
-0.265625 -0.578125 0.34375 0.0957489
-0.8125 -0.046875 -0.359375 0.0953364
0.796875 0.421875 0.34375 0.0953364
-0.5 0.15625 -0.359375 0.0938771
-0.203125 0.046875 0.34375 0.0924296
0.21875 -0.578125 -0.359375 0.0923615
-0.8125 0.15625 -0.03125 0.0915666
0.796875 -0.34375 0.34375 0.0895629
0.21875 0.5625 0.34375 0.0894885
-0.8125 0.578125 -0.09375 0.0890501
0.703125 0.578125 0.34375 0.0890501
-0.265625 -0.59375 -0.359375 0.0890496
0.046875 -0.296875 0.34375 0.0881965
-0.640625 0.578125 -0.125 0.0878565
0.15625 0.03125 0.34375 0.0876455
0.796875 -0.59375 0.109375 0.0875146
0.453125 0.15625 -0.359375 0.0845034
0.796875 -0.59375 -0.140625 0.0840049
0.796875 -0.375 -0.375 0.0828123
0.796875 -0.171875 -0.375 0.0828123
-0.59375 -0.59375 0.359375 0.0828123
0.5 -0.59375 0.359375 0.0828123
-0.8125 -0.375 0.359375 0.0828123
-0.8125 -0.171875 0.359375 0.0828123
-0.59375 0.109375 0.359375 0.0828123
-0.59375 -0.59375 -0.375 0.0827348
0.5625 -0.59375 -0.375 0.0827348
-0.8125 -0.375 -0.375 0.0827348
0.375 0.28125 0.03125 0.0822842
0.796875 0.109375 -0.140625 0.0821173
-0.234375 0.1875 -0.1875 0.0812163
-0.828125 -0.59375 -0.140625 0.0797114
0.8125 0.328125 0.078125 0.0797114
-0.828125 -0.59375 0.09375 0.0797114
-0.828125 0.09375 0.125 0.0797114
0.484375 0.125 0.34375 0.0794461
-0.796875 0.40625 -0.125 0.0777771
0.40625 0.578125 -0.375 0.0766668
-0.109375 -0.265625 0.359375 0.0764785
-0.1875 0.578125 -0.375 0.0737712
-0.015625 0.578125 -0.375 0.0737712
-0.828125 -0.21875 -0.375 0.0734465
-0.203125 0.59375 -0.09375 0.0734251
-0.4375 -0.609375 -0.375 0.0734248
0.375 -0.609375 -0.375 0.0734248
-0.59375 0.59375 -0.375 0.0734248
0.09375 -0.609375 0.09375 0.0734248
-0.4375 -0.609375 0.359375 0.0734248
0.8125 0.59375 -0.375 0.0732274
0.578125 0.234375 0.09375 0.0731881
-0.390625 0.265625 0.015625 0.0725546
-0.171875 0.59375 0.359375 0.0711946
0.8125 0.59375 0 0.0704985
-0.375 0.359375 0.359375 0.0700951
-0.015625 0 -0.0625 0.06903
0.078125 0.265625 -0.375 0.0687931
0.15625 0.15625 -0.15625 0.0683713
0.109375 -0.609375 -0.140625 0.0682125
-0.140625 -0.609375 0.109375 0.0682125
0.03125 0.59375 -0.140625 0.0681698
0.09375 0.265625 -0.21875 0.067837
0.25 0.59375 0.171875 0.0676577
0.578125 0.109375 -0.375 0.0675249
0.359375 0.328125 -0.375 0.0674009
-0.015625 -0.3125 0.203125 0.0673006
0.09375 -0.125 -0.390625 0.0671875
-0.140625 -0.109375 -0.390625 0.0671875
0.171875 -0.015625 -0.390625 0.0671875
0.15625 -0.421875 0.375 0.0671875
-0.1875 -0.40625 0.375 0.0671875
-0.828125 0.59375 0.375 0.0671875
0.34375 0.21875 0.15625 0.0666602
-0.671875 0.03125 -0.390625 0.0665879
0.15625 -0.4375 -0.390625 0.0660336
-0.015625 -0.046875 0.109375 0.0660172
-0.640625 0.40625 -0.390625 0.0658145
0.265625 0.34375 0.375 0.0657589
0.8125 0.015625 0.171875 0.0657356
0.8125 0.234375 -0.390625 0.0650554
-0.578125 0.25 -0.109375 0.0644698
0.609375 0.59375 0.078125 0.0643125
-0.84375 0 -0.21875 0.0640867
0.828125 -0.203125 0.28125 0.0640867
-0.84375 0.234375 0.375 0.0640867
0.671875 0.328125 0.125 0.0634701
-0.5 0.59375 -0.03125 0.0634415
0.46875 0.59375 0.015625 0.0634415
0.625 0 0.375 0.0623345
-0.671875 0.421875 -0.15625 0.0623207
0.828125 -0.421875 -0.25 0.0620515
0.5 0.1875 0.21875 0.0618873
0.125 -0.1875 0.375 0.0617921
-0.21875 0 -0.390625 0.0615094
0.171875 -0.609375 0.203125 0.0614743
0.0625 0.59375 0.375 0.0612385
0.140625 0.59375 -0.078125 0.0612376
-0.203125 -0.453125 -0.390625 0.0610428
-0.375 0.21875 0.140625 0.0608962
0.375 -0.546875 0.375 0.0608387
0.828125 -0.5625 -0.015625 0.0605881
-0.296875 0.59375 0.171875 0.0603011
0.59375 -0.5 0.375 0.0598075
-0.71875 -0.078125 0.375 0.0598075
0.828125 -0.09375 -0.28125 0.0597749
0.828125 -0.46875 0.171875 0.0595429
-0.21875 -0.609375 -0.234375 0.0593123
-0.21875 -0.609375 0.203125 0.0593123
-0.84375 -0.078125 0.25 0.0592918
0.828125 0.34375 0.203125 0.0591502
-0.140625 -0.609375 -0.140625 0.0587616
0.734375 -0.21875 0.375 0.0585773
-0.015625 -0.15625 -0.203125 0.0584097
0.359375 0.609375 -0.171875 0.0578003
-0.609375 0.609375 -0.25 0.0577998
-0.78125 -0.625 -0.03125 0.0577998
-0.71875 -0.625 0.15625 0.0577998
0.59375 -0.625 0.25 0.0577998
0.34375 -0.625 0.28125 0.0577998
0.828125 0.609375 0.296875 0.0577998
-0.53125 0.609375 0.375 0.0577998
-0.0625 0.609375 0.375 0.0577998
-0.84375 -0.484375 0.171875 0.0577948
-0.640625 -0.625 0.234375 0.0575385
-0.015625 -0.4375 0.078125 0.0573921
-0.40625 0.609375 0.1875 0.0571918
0.515625 0.234375 0.359375 0.0564275
-0.84375 0.296875 -0.046875 0.0564089
-0.84375 0.609375 0.03125 0.056345
0.203125 -0.625 -0.21875 0.0562994
-0.234375 0.265625 -0.390625 0.0560703
0.828125 -0.015625 -0.1875 0.0558481
0.828125 -0.28125 -0.296875 0.0557313
-0.015625 -0.328125 -0.203125 0.0556445
-0.828125 0.0625 -0.140625 0.0556161
-0.65625 -0.625 -0.25 0.055382
-0.84375 -0.4375 -0.25 0.055382
0.609375 -0.625 -0.265625 0.0552986
-0.15625 -0.34375 -0.390625 0.0549726
-0.0625 0.078125 0.375 0.0549724
-0.640625 -0.484375 0.375 0.0549116
0.515625 0.609375 -0.390625 0.0548353
-0.484375 0.0625 0.375 0.054703
-0.28125 0.296875 0.375 0.054703
-0.1875 -0.125 0.375 0.0543334
0.65625 0.359375 0.375 0.0542653
-0.21875 0.609375 0.25 0.0537438
0.828125 -0.484375 -0.15625 0.0534158
0.125 -0.328125 -0.390625 0.0533204
-0.3125 0.21875 -0.09375 0.0528841
-0.6875 0.203125 -0.0625 0.0528328
0.671875 -0.625 0.171875 0.0527594
0.390625 0.4375 -0.390625 0.0523636
0.828125 0.046875 -0.03125 0.0522232
0.703125 -0.078125 -0.390625 0.0522063
-0.84375 -0.28125 0.28125 0.0521505
-0.140625 0.25 -0.203125 0.0517418
0.375 0.203125 -0.21875 0.0517268
0.828125 -0.09375 0.21875 0.0515766
-0.671875 -0.484375 -0.40625 0.0515625
0.609375 -0.484375 -0.40625 0.0515625
0.125 -0.234375 -0.40625 0.0515625
0.625 -0.015625 -0.40625 0.0515625
0.265625 0.015625 -0.40625 0.0515625
-0.40625 0.046875 -0.40625 0.0515625
0.359375 0.046875 -0.40625 0.0515625
0.65625 0.1875 -0.40625 0.0515625
-0.15625 0.203125 -0.40625 0.0515625
-0.5625 0.28125 -0.40625 0.0515625
0.828125 0.328125 -0.40625 0.0515625
-0.84375 0.375 -0.40625 0.0515625
0.828125 0.4375 -0.40625 0.0515625
0.65625 0.609375 -0.40625 0.0515625
-0.5 -0.515625 0.390625 0.0515625
-0.390625 -0.515625 0.390625 0.0515625
0.640625 -0.421875 0.390625 0.0515625
-0.6875 -0.40625 0.390625 0.0515625
-0.734375 -0.28125 0.390625 0.0515625
0.171875 -0.109375 0.390625 0.0515625
-0.640625 -0.03125 0.390625 0.0515625
0.28125 -0.015625 0.390625 0.0515625
-0.34375 0 0.390625 0.0515625
0.375 0.03125 0.390625 0.0515625
0.03125 0.078125 0.390625 0.0515625
0.140625 0.15625 0.390625 0.0515625
-0.234375 0.171875 0.390625 0.0515625
-0.703125 0.1875 0.390625 0.0515625
-0.53125 0.21875 0.390625 0.0515625
-0.265625 0.390625 0.390625 0.0515625
0.828125 0.546875 0.390625 0.0515625
-0.71875 0.609375 0.390625 0.0515625
0.328125 0.609375 0.390625 0.0515625
0.5625 0.609375 0.390625 0.0515625
0.390625 0.609375 -0.265625 0.051532
-0.234375 0.609375 0.03125 0.0515051
0.28125 -0.46875 0.390625 0.0512743
-0.84375 0.078125 -0.40625 0.0511982
0.34375 0.375 -0.046875 0.0511615
-0.375 0.375 0.03125 0.0511613
-0.484375 0.609375 -0.40625 0.0511608
-0.3125 0.609375 -0.40625 0.0511608
-0.84375 -0.40625 0.234375 0.0510452
0.171875 -0.3125 0.390625 0.0509703
-0.015625 -0.421875 -0.109375 0.0509655
-0.53125 0.1875 -0.234375 0.0507882
0.328125 0.296875 -0.234375 0.0504985
-0.484375 0.25 -0.0625 0.0504417
-0.5625 0.03125 -0.40625 0.050396
-0.296875 -0.453125 0.390625 0.0502126
0.828125 -0.21875 0.390625 0.0502052
-0.359375 0.328125 0.25 0.0502031
-0.015625 -0.109375 -0.40625 0.0500963
0.828125 -0.0625 -0.40625 0.049952
-0.21875 0.46875 0.390625 0.0498173
0.65625 0.453125 0.390625 0.0497844
0.625 -0.625 0.390625 0.0497725
0.328125 0.609375 0.109375 0.0497494
-0.171875 -0.21875 -0.40625 0.0497308
0.125 -0.625 -0.03125 0.0495961
0.734375 -0.625 -0.03125 0.0495961
0.671875 -0.625 -0.203125 0.0494213
-0.71875 -0.625 -0.15625 0.0493209
0.203125 0.421875 0.390625 0.049284
0.671875 -0.4375 -0.390625 0.0491757
-0.84375 -0.546875 -0.015625 0.0488338
-0.84375 0.46875 0.390625 0.0486727
0.453125 0.234375 0.109375 0.0486612
-0.390625 0.21875 -0.40625 0.0486281
-0.03125 -0.625 0.109375 0.0485892
-0.15625 -0.625 -0.015625 0.0485389
0.84375 0.21875 -0.296875 0.0484617
-0.859375 -0.3125 -0.28125 0.0484617
-0.859375 -0.171875 -0.28125 0.0484617
0.84375 0.59375 -0.265625 0.0484617
0.84375 0.609375 -0.171875 0.0484617
-0.859375 -0.484375 -0.15625 0.0484617
0.84375 0.203125 -0.09375 0.0484617
0.84375 0.421875 0.015625 0.0484617
0.84375 -0.484375 0.0625 0.0484617
0.84375 0 0.0625 0.0484617
0.84375 0.109375 0.140625 0.0484617
-0.859375 -0.03125 0.171875 0.0484617
0.84375 -0.375 0.203125 0.0484617
-0.859375 0.609375 0.265625 0.0484617
-0.859375 -0.0625 0.375 0.0484617
0.84375 0.046875 0.390625 0.0484617
0.84375 0.296875 0.390625 0.0484617
-0.859375 0.34375 0.390625 0.0484617
0.84375 -0.203125 -0.265625 0.0483077
-0.734375 -0.15625 -0.40625 0.0482111
-0.375 -0.515625 -0.40625 0.0482106
-0.859375 0.171875 0.203125 0.0481098
0.453125 -0.53125 -0.40625 0.048002
-0.53125 -0.625 0.265625 0.0479889
-0.390625 -0.625 0.265625 0.0479889
0.203125 0.609375 0.078125 0.0479641
0.71875 -0.28125 -0.40625 0.0479245
0.390625 0.390625 0.015625 0.0478258
-0.34375 0.484375 0.1875 0.0477362
0.265625 0.390625 -0.09375 0.0476611
-0.203125 0.453125 -0.40625 0.0476229
0.421875 0.25 0.390625 0.0476115
0.328125 -0.515625 -0.40625 0.0474389
-0.078125 0.609375 -0.109375 0.0472534
0.703125 0.609375 0.015625 0.0469944
-0.859375 -0.203125 0.25 0.0469193
0.3125 -0.625 -0.28125 0.0468302
-0.015625 -0.1875 0.15625 0.0468054
0.015625 0.46875 -0.40625 0.0467842
0.515625 0 0.390625 0.0467129
0.546875 0.203125 -0.40625 0.0466306
0.84375 -0.28125 -0.390625 0.0465345
0.578125 0.296875 0.390625 0.046473
-0.1875 0.21875 -0.28125 0.0464275
0.84375 -0.296875 0.21875 0.0463667
-0.015625 -0.09375 -0.140625 0.0463102
-0.078125 -0.53125 0.09375 0.0460658
-0.765625 0.265625 -0.078125 0.0458364
0.1875 0.25 0.390625 0.0455852
0.65625 -0.125 0.390625 0.0454619
-0.109375 0.5 -0.40625 0.0450652
0.0625 0.0625 -0.09375 0.0449734
0.078125 0.609375 -0.40625 0.0449224
-0.859375 0.03125 0.03125 0.0448351
-0.6875 -0.078125 -0.40625 0.0448108
0.84375 0.265625 -0.03125 0.0447001
-0.625 0.328125 -0.125 0.044646
0.484375 0.03125 -0.40625 0.0444064
-0.15625 -0.625 -0.40625 0.0443461
0.84375 0.171875 -0.21875 0.044312
0.046875 -0.125 -0.296875 0.0442598
0.578125 0.078125 0.390625 0.0442445
0.640625 0.609375 0.21875 0.0441039
-0.140625 0.140625 0.390625 0.0440972
-0.15625 0.125 -0.125 0.0440114
0.671875 -0.328125 0.390625 0.043833
-0.46875 0.296875 0.390625 0.0438077
0.84375 0.21875 0.140625 0.0437343
0.1875 0.265625 -0.203125 0.0437288
-0.21875 -0.3125 0.390625 0.0437057
-0.859375 0.46875 -0.03125 0.0437007
-0.71875 0.609375 -0.03125 0.0437007
0.4375 0.265625 -0.40625 0.0436599
-0.859375 0.203125 0.078125 0.0436571
0.84375 0.578125 -0.09375 0.043479
-0.421875 0.171875 -0.25 0.0434585
-0.015625 0.4375 -0.203125 0.043396
0.265625 -0.625 0.21875 0.0431609
-0.15625 -0.625 0.390625 0.0430856
-0.515625 -0.625 -0.296875 0.0429149
0.46875 -0.625 -0.296875 0.0428669
-0.265625 -0.078125 0.390625 0.0428298
-0.09375 -0.125 -0.296875 0.0428071
-0.859375 0.390625 -0.21875 0.0427873
-0.5 -0.515625 -0.40625 0.0426457
-0.734375 -0.28125 -0.40625 0.0426457
-0.328125 0 -0.40625 0.0426238
0.390625 0.25 -0.3125 0.0426102
0.09375 0.015625 0.21875 0.0425553
-0.71875 0.109375 0.1875 0.0425184
0.6875 0.375 0.21875 0.0425153
-0.578125 0.484375 -0.40625 0.0425036
-0.3125 0.609375 -0.0625 0.0425031
0.03125 -0.515625 0.09375 0.0423913
0.25 -0.453125 -0.40625 0.0423253
0.0625 0.359375 -0.40625 0.0422034
0.421875 0.625 -0.09375 0.0421753
-0.421875 0.625 -0.0625 0.0421753
-0.59375 0.625 -0.015625 0.0421753
0.15625 0.625 0 0.0421753
0.546875 0.625 0 0.0421753
-0.484375 0.625 0.0625 0.0421753
0.390625 0.625 0.078125 0.0421753
-0.859375 0.625 0.125 0.0421753
0.28125 0.625 -0.40625 0.0421748
-0.375 -0.640625 -0.296875 0.0421748
0.03125 0.625 -0.296875 0.0421748
-0.234375 0.625 -0.28125 0.0421748
-0.328125 -0.640625 -0.25 0.0421748
-0.234375 0.625 -0.1875 0.0421748
-0.734375 -0.640625 0.046875 0.0421748
0.1875 -0.640625 0.109375 0.0421748
-0.21875 0.625 0.109375 0.0421748
-0.328125 -0.640625 0.21875 0.0421748
0.15625 0.625 0.21875 0.0421748
0.4375 -0.640625 0.25 0.0421748
-0.46875 0.625 0.25 0.0421748
0.296875 0.625 0.25 0.0421748
0.109375 0.625 0.28125 0.0421748
-0.640625 0.625 0.375 0.0421748
0.328125 -0.640625 0.390625 0.0421748
0.421875 0.625 0.390625 0.0421748
-0.296875 -0.484375 -0.40625 0.042146
-0.53125 0.625 -0.125 0.0419767
0.28125 0.453125 0.390625 0.0418098
0.09375 -0.640625 -0.40625 0.0417635
-0.015625 -0.359375 0.109375 0.0417149
0.34375 0.296875 0.390625 0.0416784
0.203125 0.078125 0.25 0.0416307
0.84375 -0.484375 -0.0625 0.0416195
0.015625 0 0.03125 0.0416191
-0.328125 0.390625 0.28125 0.0415845
0.046875 -0.375 -0.40625 0.041491
0.203125 0.625 -0.125 0.041425
-0.140625 0.421875 -0.1875 0.0413382
0.015625 -0.234375 0.21875 0.041276
-0.109375 0.625 -0.390625 0.0412714
0.84375 -0.34375 -0.234375 0.0411372
0.515625 0.625 0.09375 0.0410409
-0.234375 0.34375 -0.40625 0.040988
-0.453125 0.4375 0.390625 0.0409601
0.109375 0.625 -0.15625 0.0409455
-0.15625 0.03125 0.234375 0.0409002
-0.703125 0.296875 -0.09375 0.0408552
0.84375 0.03125 0.265625 0.0407708
0.84375 -0.015625 -0.09375 0.0407696
0.609375 0.109375 -0.28125 0.0406945
-0.71875 -0.421875 -0.390625 0.0406849
-0.171875 0.625 0 0.0406444
0.453125 0.625 -0.296875 0.0406177
-0.859375 -0.28125 0.375 0.0406072
0.484375 0.28125 0.0625 0.040607
-0.265625 0.109375 0.234375 0.0404913
0.09375 -0.640625 0.390625 0.0404673
0.328125 0.625 0.3125 0.0404215
-0.109375 0.625 0.296875 0.0403368
-0.53125 0.140625 0.28125 0.0402539
-0.109375 0.078125 -0.09375 0.0402465
-0.09375 -0.34375 0.265625 0.040246
0.15625 0.296875 -0.40625 0.0401778
0.484375 -0.484375 0.390625 0.0400786
-0.703125 -0.1875 0.390625 0.0400786
-0.859375 -0.109375 -0.234375 0.0400262
-0.65625 0.109375 0.25 0.0399458
0.671875 -0.640625 -0.109375 0.0399153
0.671875 -0.640625 0.078125 0.0399153
-0.859375 -0.484375 0.078125 0.0399153
-0.359375 0.171875 -0.21875 0.039849
-0.125 0.625 -0.046875 0.0397406
-0.859375 0.03125 -0.0625 0.0397315
0.3125 0.40625 0.046875 0.0396898
-0.796875 0.625 0.296875 0.0396419
0.1875 -0.125 -0.40625 0.0395625
0.5 -0.640625 0.234375 0.0394619
-0.09375 -0.375 0.390625 0.0394499
-0.546875 -0.015625 0.390625 0.0394483
-0.078125 -0.25 0.265625 0.0393665
-0.859375 0.234375 -0.109375 0.0393419
-0.015625 -0.421875 -0.015625 0.039283
-0.859375 0.625 -0.40625 0.039191
-0.484375 0.515625 0.390625 0.0390604
-0.375 0.3125 0.09375 0.0390298
0.59375 0.625 0.328125 0.0389369
0.671875 0.25 0.0625 0.0389154
-0.015625 -0.25 -0.1875 0.038852
-0.859375 0.375 -0.03125 0.03883
0.84375 0.484375 -0.015625 0.0387561
-0.28125 0.625 -0.34375 0.038727
-0.859375 0.203125 0.265625 0.0386717
-0.609375 0.078125 -0.34375 0.0386686
0.328125 0.421875 -0.125 0.0386209
-0.359375 0.421875 0.109375 0.0386209
-0.859375 0.625 -0.1875 0.0385938
0.15625 -0.5625 -0.234375 0.038512
0.640625 0.1875 0.015625 0.0385025
-0.734375 0.484375 -0.140625 0.0384173
0.390625 -0.640625 -0.265625 0.038415
0.515625 -0.640625 -0.25 0.0382786
-0.203125 -0.640625 -0.078125 0.0382428
-0.578125 -0.453125 0.390625 0.0381973
0.4375 0.21875 0.3125 0.0381956
-0.546875 0.625 -0.296875 0.0381882
-0.09375 0 0.171875 0.0381374
-0.5 0.203125 -0.171875 0.0381255
-0.578125 -0.484375 -0.40625 0.0380735
0.265625 0.625 -0.15625 0.0379682
0.390625 -0.640625 0.34375 0.0379512
0.75 0.078125 0.125 0.03794
-0.40625 0.625 -0.40625 0.0379384
0.234375 -0.390625 0.390625 0.0378931
-0.703125 -0.359375 -0.40625 0.037879
-0.765625 0.390625 -0.40625 0.0378728
0.25 0.140625 0.203125 0.0378656
0.84375 0.625 0.390625 0.0377955
0.03125 0.359375 -0.21875 0.0377638
-0.859375 -0.515625 -0.078125 0.0376956
-0.0625 0.265625 -0.203125 0.037694
-0.859375 0.25 0.03125 0.0376196
0.625 0.625 0 0.0375342
0.046875 0.625 -0.046875 0.0375123
0.59375 -0.578125 0.3125 0.0374441
-0.203125 -0.21875 0.390625 0.0374243
-0.859375 0.046875 -0.296875 0.0374143
-0.859375 -0.640625 0.1875 0.0373635
-0.75 0.140625 0.0625 0.037354
0.84375 -0.171875 0.203125 0.0373077
0.40625 0.234375 -0.0625 0.0372338
-0.328125 0.4375 0 0.0371993
-0.171875 0.3125 -0.1875 0.0371428
0.84375 0.484375 -0.359375 0.0371153
0.703125 0.625 -0.359375 0.0371153
0.140625 0.078125 -0.40625 0.0371056
0 0.625 0.3125 0.0370934
-0.765625 0.015625 -0.265625 0.037051
-0.3125 0.15625 0.1875 0.0370452
0.84375 -0.0625 0.125 0.0370374
0.796875 0.625 -0.109375 0.0370283
-0.625 0.109375 -0.40625 0.0370092
0.046875 -0.015625 0.15625 0.0370042
-0.21875 0.25 0.390625 0.0369151
0.84375 -0.640625 0.203125 0.0369143
0.171875 -0.640625 0.03125 0.0369031
0.84375 -0.421875 0.265625 0.0368664
-0.078125 -0.375 -0.40625 0.0368636
-0.46875 0.265625 -0.40625 0.0367718
-0.328125 0.265625 -0.40625 0.0367718
0.6875 0.109375 -0.203125 0.0367513
-0.359375 0.421875 0.234375 0.0367429
0.4375 0.171875 -0.25 0.036742
-0.1875 0.078125 -0.40625 0.0367355
-0.359375 0.28125 0.1875 0.0365787
0.25 0.421875 0.328125 0.036572
0.40625 0.203125 0.234375 0.036448
-0.046875 -0.640625 -0.140625 0.0364163
0.84375 0.625 0.078125 0.0363307
0.28125 0.515625 0.109375 0.0363052
0.109375 0.515625 0.390625 0.036207
0.328125 0.359375 -0.171875 0.0362065
0.84375 -0.15625 -0.21875 0.0361714
-0.8125 -0.515625 -0.203125 0.0361152
-0.25 -0.640625 -0.15625 0.0360351
-0.25 -0.640625 0.125 0.0360351
-0.578125 -0.640625 -0.234375 0.0360119
0.65625 -0.640625 -0.421875 0.0359375
-0.171875 -0.5625 -0.421875 0.0359375
0.515625 -0.5 -0.421875 0.0359375
0.390625 -0.484375 -0.421875 0.0359375
-0.609375 -0.4375 -0.421875 0.0359375
-0.28125 -0.421875 -0.421875 0.0359375
-0.140625 -0.421875 -0.421875 0.0359375
0.21875 -0.390625 -0.421875 0.0359375
0.625 -0.390625 -0.421875 0.0359375
-0.234375 -0.375 -0.421875 0.0359375
0.6875 -0.359375 -0.421875 0.0359375
0.1875 -0.3125 -0.421875 0.0359375
0.1875 -0.21875 -0.421875 0.0359375
0.671875 -0.21875 -0.421875 0.0359375
-0.234375 -0.171875 -0.421875 0.0359375
-0.265625 -0.09375 -0.421875 0.0359375
0.234375 -0.09375 -0.421875 0.0359375
-0.609375 -0.046875 -0.421875 0.0359375
0.53125 -0.015625 -0.421875 0.0359375
-0.5 0 -0.421875 0.0359375
-0.78125 0.046875 -0.421875 0.0359375
0.109375 0.140625 -0.421875 0.0359375
0.71875 0.203125 -0.421875 0.0359375
-0.09375 0.21875 -0.421875 0.0359375
0.359375 0.21875 -0.421875 0.0359375
-0.03125 0.234375 -0.421875 0.0359375
0.21875 0.3125 -0.421875 0.0359375
0.46875 0.3125 -0.421875 0.0359375
-0.546875 0.34375 -0.421875 0.0359375
0.4375 0.375 -0.421875 0.0359375
-0.859375 0.453125 -0.421875 0.0359375
0.453125 0.453125 -0.421875 0.0359375
-0.671875 0.484375 -0.421875 0.0359375
0.765625 0.5 -0.421875 0.0359375
0.84375 0.5 -0.421875 0.0359375
0.484375 0.53125 -0.421875 0.0359375
0.578125 0.578125 -0.421875 0.0359375
-0.703125 0.609375 -0.421875 0.0359375
0.140625 0.625 -0.421875 0.0359375
0.71875 0.625 -0.421875 0.0359375
-0.171875 -0.546875 0.40625 0.0359375
0.40625 -0.484375 0.40625 0.0359375
-0.421875 -0.453125 0.40625 0.0359375
0.84375 -0.453125 0.40625 0.0359375
0.34375 -0.4375 0.40625 0.0359375
0.515625 -0.4375 0.40625 0.0359375
0.71875 -0.4375 0.40625 0.0359375
-0.609375 -0.40625 0.40625 0.0359375
-0.28125 -0.390625 0.40625 0.0359375
-0.671875 -0.34375 0.40625 0.0359375
0.65625 -0.265625 0.40625 0.0359375
0.1875 -0.25 0.40625 0.0359375
-0.03125 -0.21875 0.40625 0.0359375
0.203125 -0.1875 0.40625 0.0359375
-0.125 -0.171875 0.40625 0.0359375
-0.65625 -0.15625 0.40625 0.0359375
-0.265625 -0.15625 0.40625 0.0359375
0.25 -0.125 0.40625 0.0359375
-0.171875 -0.0625 0.40625 0.0359375
0.34375 -0.046875 0.40625 0.0359375
-0.421875 -0.03125 0.40625 0.0359375
0.4375 -0.015625 0.40625 0.0359375
0.703125 0.03125 0.40625 0.0359375
0.25 0.046875 0.40625 0.0359375
-0.40625 0.0625 0.40625 0.0359375
-0.328125 0.0625 0.40625 0.0359375
0.84375 0.125 0.40625 0.0359375
-0.5 0.140625 0.40625 0.0359375
0.046875 0.140625 0.40625 0.0359375
0.5625 0.140625 0.40625 0.0359375
-0.640625 0.203125 0.40625 0.0359375
-0.171875 0.203125 0.40625 0.0359375
-0.765625 0.25 0.40625 0.0359375
0.5 0.296875 0.40625 0.0359375
-0.796875 0.3125 0.40625 0.0359375
-0.15625 0.484375 0.40625 0.0359375
0.3125 0.5 0.40625 0.0359375
-0.09375 0.515625 0.40625 0.0359375
0.609375 0.515625 0.40625 0.0359375
-0.453125 0.609375 0.40625 0.0359375
0.484375 0.625 0.40625 0.0359375
-0.328125 0.28125 -0.046875 0.0358832
0.71875 0.25 0.109375 0.035845
0.125 0.625 0.40625 0.0358431
-0.5625 0.625 -0.1875 0.0358357
0.1875 -0.640625 -0.109375 0.0358267
0.0625 -0.515625 -0.125 0.0358059
-0.78125 0.625 0 0.0358047
0.84375 0.625 0.21875 0.0358031
0.0625 -0.40625 0.40625 0.0358021
0.59375 0.625 0.15625 0.0357902
-0.859375 -0.015625 0.09375 0.0357699
0.65625 0.15625 0.09375 0.0357699
-0.53125 -0.4375 0.40625 0.0357172
0.84375 0.515625 0.28125 0.035701
0.046875 0.625 -0.234375 0.0356374
-0.84375 0.625 0.1875 0.0356371
-0.796875 0.625 -0.421875 0.0356035
-0.75 0.625 -0.171875 0.0356035
-0.46875 0.625 0.125 0.035568
0.453125 -0.640625 -0.421875 0.0355415
0.3125 -0.453125 -0.421875 0.0355184
-0.453125 -0.640625 -0.265625 0.0354986
-0.46875 -0.640625 0.234375 0.0354986
0.71875 0.625 0.25 0.0354967
0.734375 0.34375 0.171875 0.035352
-0.78125 -0.078125 0.296875 0.0353315
0.171875 0.3125 -0.15625 0.0353026
-0.046875 0.140625 0.40625 0.0353026
-0.21875 0.3125 0.40625 0.0353026
0.171875 0.3125 0.40625 0.0353026
-0.796875 -0.046875 0.40625 0.0352471
0.71875 0.328125 0.40625 0.0352175
0.296875 0.265625 0.21875 0.0352097
-0.15625 0.484375 -0.34375 0.0351996
-0.359375 -0.453125 -0.421875 0.0351901
0.640625 -0.140625 -0.421875 0.0351901
0.328125 -0.03125 -0.421875 0.0351901
0.84375 -0.46875 -0.421875 0.0351827
-0.203125 0.625 0.171875 0.0351732
-0.21875 -0.296875 -0.421875 0.0351515
-0.046875 -0.359375 0.40625 0.0351303
0.640625 -0.203125 0.40625 0.035073
0.59375 -0.09375 0.40625 0.0350451
-0.609375 0.46875 -0.109375 0.0350049
0.203125 0.0625 -0.421875 0.0348713
0.703125 0.546875 -0.421875 0.0348713
0.65625 0.625 0.140625 0.0348458
-0.078125 -0.0625 -0.421875 0.034826
0.03125 -0.0625 -0.421875 0.034826
-0.78125 0.515625 0.40625 0.034826
-0.171875 -0.640625 -0.3125 0.0348091
0.125 -0.640625 -0.28125 0.0348091
0.84375 0.34375 -0.015625 0.0347433
0.765625 -0.28125 -0.359375 0.0346806
-0.46875 0.359375 0.40625 0.0346723
0.234375 -0.640625 0.15625 0.0346513
-0.859375 -0.328125 0.21875 0.034631
-0.609375 0.5625 0.40625 0.0346291
-0.453125 -0.484375 -0.421875 0.0346084
-0.703125 -0.234375 -0.421875 0.0346084
0.1875 0.03125 -0.3125 0.0346062
-0.390625 0.109375 -0.421875 0.0345998
-0.71875 -0.640625 -0.078125 0.0345447
0.84375 -0.53125 -0.21875 0.0345213
-0.859375 -0.25 -0.265625 0.0344956
0.84375 0.0625 0.046875 0.0344956
0.765625 0.046875 0.40625 0.0344956
0.25 -0.34375 0.40625 0.0344899
0.703125 0.140625 -0.078125 0.0344696
0.03125 -0.203125 0.40625 0.0344617
0.125 0.34375 -0.421875 0.0344024
0.109375 -0.5625 -0.421875 0.034368
0.796875 0.046875 0.09375 0.0343671
-0.46875 0.625 0.34375 0.0343499
0.421875 0.625 -0.203125 0.0343494
-0.03125 0.625 -0.0625 0.0343101
-0.015625 0.484375 -0.3125 0.0342929
0.484375 0.625 -0.0625 0.03427
0.015625 -0.640625 -0.15625 0.0341842
-0.140625 -0.015625 -0.421875 0.0340629
0.578125 0.625 -0.375 0.0340493
0.84375 0.28125 -0.328125 0.0340219
-0.671875 -0.265625 0.40625 0.0339861
-0.40625 0.234375 -0.078125 0.0339513
-0.59375 0.125 0.25 0.0338972
-0.640625 0.4375 -0.3125 0.0338845
0.46875 0.234375 0 0.0338717
0.15625 -0.484375 -0.3125 0.0338676
-0.015625 -0.078125 0.015625 0.0338626
0.15625 0.625 0.140625 0.0338597
-0.859375 0.3125 -0.140625 0.0338526
-0.21875 0.265625 -0.3125 0.0338328
-0.265625 0.515625 -0.03125 0.0338249
0.671875 0.375 0.296875 0.0338147
-0.0625 0.015625 0.015625 0.0338056
-0.53125 0.53125 -0.421875 0.0337956
0.0625 -0.359375 -0.28125 0.033782
-0.859375 0.140625 -0.140625 0.0337176
0.6875 -0.390625 0.359375 0.0336297
0.6875 0.46875 0.28125 0.0336082
0.765625 0.625 -0.296875 0.033602
-0.609375 0.171875 -0.421875 0.0335474
-0.171875 0.5 -0.140625 0.0335381
-0.171875 -0.640625 0.265625 0.0335128
0.84375 -0.109375 -0.1875 0.03351
0.109375 -0.0625 0.40625 0.0334795
0.046875 0.515625 -0.421875 0.0334492
-0.765625 -0.546875 0.171875 0.0334334
-0.734375 -0.578125 -0.203125 0.0334074
0.84375 0.21875 -0.171875 0.0333629
0.078125 0.109375 0.359375 0.033324
0.84375 -0.40625 -0.171875 0.0332961
-0.03125 0.53125 0.40625 0.033294
-0.5625 0.40625 -0.421875 0.0332928
-0.859375 -0.015625 -0.125 0.0332682
-0.25 0.140625 0.296875 0.0332658
0.109375 0.296875 -0.296875 0.0332613
0.78125 -0.421875 0.234375 0.0332527
-0.359375 0.375 0.1875 0.033216
-0.6875 0.03125 0.40625 0.0331903
0.203125 0.625 0.25 0.0331535
-0.8125 0.625 0.09375 0.0331531
0.265625 0.203125 0 0.0331523
0.640625 0.046875 -0.421875 0.0331399
0.015625 -0.390625 0.15625 0.0330718
0.578125 0.21875 0.40625 0.0330713
0.84375 0.21875 0.40625 0.0330713
0.75 -0.015625 0.234375 0.0330372
0.015625 0.5 -0.1875 0.0330329
-0.78125 -0.28125 0.328125 0.0330169
-0.625 0.46875 -0.34375 0.0330079
0.75 0.359375 0.234375 0.0329995
-0.703125 -0.640625 -0.421875 0.032969
-0.859375 -0.484375 -0.421875 0.032969
0.140625 0.046875 0.234375 0.0329494
0.15625 -0.46875 0.296875 0.0329154
0.421875 0.0625 -0.421875 0.0329037
0.359375 0.125 -0.421875 0.0329037
0.53125 0.125 -0.296875 0.0329037
0.390625 0.3125 0.40625 0.0329015
-0.25 0.5 -0.421875 0.0328844
0.078125 -0.515625 0.125 0.0328801
-0.875 -0.640625 -0.421875 0.0328367
-0.875 0.140625 -0.421875 0.0328367
-0.875 0.28125 -0.421875 0.0328367
-0.875 0.515625 -0.421875 0.0328367
-0.875 0.375 -0.328125 0.0328367
-0.875 -0.640625 -0.234375 0.0328367
-0.875 -0.375 -0.234375 0.0328367
-0.875 0.078125 -0.234375 0.0328367
-0.875 -0.546875 -0.21875 0.0328367
-0.875 0.453125 -0.1875 0.0328367
-0.875 -0.421875 -0.171875 0.0328367
-0.875 -0.078125 -0.171875 0.0328367
-0.875 0.5 -0.171875 0.0328367
-0.875 -0.453125 -0.09375 0.0328367
-0.875 -0.640625 -0.046875 0.0328367
-0.875 -0.484375 -0.03125 0.0328367
-0.875 0.53125 0 0.0328367
-0.875 0.5625 0.09375 0.0328367
-0.875 -0.4375 0.109375 0.0328367
-0.875 -0.40625 0.15625 0.0328367
-0.875 -0.109375 0.15625 0.0328367
-0.875 0.21875 0.15625 0.0328367
-0.875 -0.578125 0.1875 0.0328367
-0.875 -0.171875 0.1875 0.0328367
-0.875 -0.28125 0.203125 0.0328367
-0.875 0.03125 0.203125 0.0328367
-0.875 -0.453125 0.296875 0.0328367
-0.875 0.265625 0.296875 0.0328367
-0.875 0.53125 0.296875 0.0328367
0.859375 0.3125 0.3125 0.0328367
-0.875 -0.484375 0.40625 0.0328367
0.859375 -0.640625 -0.421875 0.0328364
0.859375 0 -0.421875 0.0328364
0.859375 0.140625 -0.421875 0.0328364
0.859375 0.375 -0.375 0.0328364
0.859375 -0.0625 -0.34375 0.0328364
0.859375 0.421875 -0.34375 0.0328364
0.859375 0.515625 -0.3125 0.0328364
0.859375 -0.03125 -0.265625 0.0328364
0.859375 -0.640625 -0.234375 0.0328364
0.859375 0.234375 -0.234375 0.0328364
0.859375 -0.296875 -0.21875 0.0328364
0.859375 0.046875 -0.21875 0.0328364
0.859375 -0.25 -0.203125 0.0328364
0.859375 -0.34375 -0.171875 0.0328364
0.859375 -0.09375 -0.140625 0.0328364
0.859375 -0.4375 -0.109375 0.0328364
0.859375 -0.640625 -0.0625 0.0328364
0.859375 0.09375 -0.0625 0.0328364
0.859375 0.515625 -0.0625 0.0328364
0.859375 -0.453125 -0.015625 0.0328364
0.859375 -0.03125 -0.015625 0.0328364
0.859375 -0.640625 0 0.0328364
0.859375 -0.421875 0.078125 0.0328364
0.859375 -0.390625 0.125 0.0328364
0.859375 -0.34375 0.140625 0.0328364
0.859375 -0.140625 0.140625 0.0328364
0.859375 0.390625 0.140625 0.0328364
0.859375 0.625 0.140625 0.0328364
0.859375 0.28125 0.15625 0.0328364
0.859375 -0.25 0.171875 0.0328364
0.859375 -0.5625 0.1875 0.0328364
0.859375 0.078125 0.203125 0.0328364
0.859375 -0.03125 0.234375 0.0328364
0.859375 0.40625 0.234375 0.0328364
0.859375 0.0625 0.328125 0.0328364
0.859375 -0.171875 0.359375 0.0328364
0.859375 -0.640625 0.40625 0.0328364
-0.015625 -0.28125 0.125 0.0328021
-0.125 -0.015625 0.40625 0.0327981
0 0.28125 -0.203125 0.0327857
-0.71875 0.140625 -0.109375 0.0327783
0.421875 0.1875 0.171875 0.0327361
0.4375 0.046875 0.40625 0.0327096
0.859375 0.53125 0.328125 0.0326886
0.75 0.625 -0.0625 0.0326881
0.859375 0.625 -0.0625 0.0326881
0.0625 0.421875 -0.421875 0.0326056
-0.71875 0.015625 -0.3125 0.0325844
-0.203125 -0.484375 0.296875 0.0325713
-0.140625 -0.359375 0.3125 0.0324879
0.28125 0.296875 0.28125 0.0324721
-0.109375 -0.53125 -0.125 0.0324609
-0.09375 -0.640625 -0.421875 0.0324478
0.546875 0.015625 -0.390625 0.0324333
-0.5 0.15625 0.234375 0.0324185
0.421875 0.46875 0.015625 0.0324006
0.859375 0.484375 0.046875 0.0323074
-0.609375 0.390625 -0.109375 0.0322995
0.109375 -0.078125 -0.328125 0.0322809
-0.015625 -0.15625 0.09375 0.0322387
0.09375 -0.375 -0.328125 0.0322311
-0.65625 0.015625 0.34375 0.0322301
0.203125 0.109375 0.40625 0.0322053
-0.671875 -0.15625 -0.421875 0.0321834
0.3125 0.625 -0.359375 0.03216
0.0625 0.625 -0.34375 0.03216
-0.296875 -0.640625 -0.203125 0.03216
-0.296875 -0.640625 0.171875 0.03216
-0.515625 0.625 0.296875 0.03216
0.375 0.625 0.34375 0.03216
0.453125 -0.578125 -0.34375 0.0321229
0.125 -0.515625 0.40625 0.0321167
0.859375 -0.140625 0.40625 0.0321167
0.328125 0.625 0.1875 0.0321004
-0.640625 0.5 -0.390625 0.0320766
-0.359375 -0.640625 -0.421875 0.0320754
-0.8125 0 0.1875 0.0320456
-0.828125 0.390625 0.40625 0.0320456
-0.71875 0.125 0.109375 0.032043
-0.046875 -0.125 -0.328125 0.0320389
0.28125 0.03125 0.34375 0.0320389
0.734375 0.265625 -0.421875 0.0320261
-0.015625 -0.359375 -0.125 0.031992
-0.78125 0.046875 -0.203125 0.0319526
-0.53125 -0.46875 -0.421875 0.0319345
-0.6875 -0.3125 -0.421875 0.0319345
-0.4375 0.34375 -0.015625 0.0319209
-0.40625 0.4375 0.015625 0.0318966
-0.21875 -0.546875 0.25 0.0318952
0.53125 0.546875 0.046875 0.0318644
-0.3125 0.296875 0.296875 0.031863
-0.25 0.625 0.40625 0.0318267
0.6875 0.40625 0.265625 0.0318196
-0.40625 0.1875 -0.3125 0.0318184
-0.125 -0.359375 -0.328125 0.0318089
0.859375 0.25 -0.125 0.0317986
0.859375 0.046875 0.109375 0.0317986
-0.703125 0.46875 -0.09375 0.0317595
-0.65625 -0.53125 0.296875 0.0317285
-0.75 -0.4375 0.296875 0.0317285
0.265625 0.3125 -0.40625 0.0317061
0.65625 0.40625 0.09375 0.0316842
0.171875 0.234375 -0.140625 0.0316656
0.859375 -0.390625 -0.125 0.0316331
-0.640625 0.484375 -0.203125 0.0316272
-0.875 0.40625 0.359375 0.0315876
-0.078125 -0.484375 -0.125 0.0315831
0.046875 0 0.09375 0.0315831
-0.375 0.203125 -0.140625 0.0315604
0.5625 -0.40625 0.40625 0.0315375
0.5 0.234375 0.15625 0.0315318
-0.375 -0.421875 0.40625 0.0315313
0.515625 0.265625 -0.421875 0.0315132
-0.625 -0.109375 0.40625 0.0314939
-0.296875 0.109375 0.40625 0.0314939
-0.875 0 0.40625 0.0314617
-0.875 0.140625 0.40625 0.0314617
-0.65625 -0.390625 -0.421875 0.031445
-0.6875 -0.640625 0.078125 0.031441
0.046875 0.0625 0.3125 0.0314312
0.328125 0.390625 -0.421875 0.0314217
0.859375 -0.4375 0.328125 0.0314066
-0.15625 0.125 -0.421875 0.0313952
-0.8125 -0.28125 0.40625 0.0313947
-0.203125 0.390625 0.40625 0.0313947
-0.1875 0.234375 -0.34375 0.0313849
-0.265625 0.265625 -0.109375 0.0313728
0.859375 0.40625 0.09375 0.0313542
-0.875 -0.625 0 0.031354
-0.875 -0.46875 0.015625 0.031354
0.046875 0.03125 0 0.031332
0.328125 0.375 0.40625 0.0313225
-0.734375 0.4375 -0.421875 0.0313146
0.390625 -0.625 0.40625 0.031311
-0.578125 0.1875 -0.171875 0.0312812
-0.203125 -0.640625 0.046875 0.031256
-0.25 0.1875 -0.078125 0.0312555
0.140625 0.453125 0.40625 0.0312231
-0.578125 0.34375 -0.09375 0.0312002
-0.09375 -0.640625 0.40625 0.0311515
-0.765625 -0.46875 -0.421875 0.0311482
-0.296875 0.625 -0.125 0.0311399
0.171875 0.09375 -0.21875 0.0310974
-0.46875 0.21875 -0.125 0.0310884
0.328125 0.296875 0.125 0.031054
-0.703125 -0.453125 0.328125 0.0310462
0.28125 0.203125 0.046875 0.0310383
-0.71875 0.15625 0.03125 0.0310168
-0.109375 0.5625 -0.421875 0.0309963
-0.3125 0.21875 -0.015625 0.0309818
0.734375 0.625 0.0625 0.030972
-0.015625 -0.296875 -0.140625 0.030957
0.546875 -0.4375 -0.421875 0.0309327
0.59375 0.390625 0.40625 0.0309269
0.03125 0.515625 0.40625 0.0309112
-0.5625 0.21875 -0.03125 0.0308778
0.40625 -0.609375 0.296875 0.0308769
-0.15625 -0.1875 0.34375 0.0308588
0.78125 0.609375 0.40625 0.0308576
0.59375 0.234375 -0.421875 0.0308571
0.34375 0.484375 -0.421875 0.0308418
0.203125 0.625 -0.421875 0.0308418
0.859375 -0.375 -0.296875 0.0308256
-0.171875 -0.5625 0.171875 0.0308118
-0.140625 -0.28125 -0.421875 0.0307763
0.28125 -0.40625 0.40625 0.03076
0.6875 -0.15625 -0.40625 0.030751
0.609375 -0.359375 0.40625 0.0307472
0.203125 0.171875 -0.09375 0.0307345
0.859375 -0.140625 0.265625 0.0307245
-0.203125 0.28125 -0.25 0.030689
0.859375 -0.203125 -0.1875 0.0306647
-0.421875 0.1875 -0.1875 0.0306647
0.859375 -0.203125 0.15625 0.0306647
0.703125 0.390625 0.078125 0.0306561
0.625 0.484375 0.078125 0.0306561
0.71875 0.265625 0.046875 0.0306439
0.859375 0.328125 -0.34375 0.0306027
0.859375 0.359375 0.265625 0.0306027
0.859375 0.09375 0.359375 0.0306027
-0.875 -0.34375 -0.203125 0.0306022
-0.875 0.296875 0.328125 0.0306022
-0.875 0.484375 0.328125 0.0306022
-0.171875 -0.046875 -0.34375 0.0305784
-0.21875 0.28125 -0.15625 0.0305693
-0.46875 0.515625 -0.015625 0.0305574
-0.71875 0.359375 -0.109375 0.0305564
0.578125 0.046875 0.328125 0.0305429
0.671875 0.421875 0.328125 0.0305338
0.234375 -0.640625 -0.15625 0.0304821
-0.875 0.109375 -0.1875 0.030473
0.421875 0.140625 0.25 0.0304408
0.640625 -0.5625 -0.421875 0.030431
-0.515625 0.625 -0.34375 0.0303693
-0.21875 0.078125 0.21875 0.0303562
0.75 -0.09375 -0.328125 0.0303533
-0.6875 -0.640625 0.40625 0.0303533
0.28125 -0.640625 -0.21875 0.0303414
-0.765625 0.09375 -0.125 0.0303385
0.78125 0.625 -0.25 0.0303092
-0.65625 0.40625 -0.265625 0.0303061
-0.578125 -0.078125 0.40625 0.0303037
-0.34375 -0.078125 0.40625 0.0303037
0.859375 0.265625 -0.265625 0.0302901
0.234375 0.28125 -0.21875 0.0302377
-0.109375 0.046875 0.28125 0.0302286
0.71875 -0.46875 -0.421875 0.0302107
-0.75 -0.46875 0.40625 0.0302107
0.5 0.078125 -0.421875 0.0301735
-0.1875 -0.078125 0.328125 0.0301456
-0.5625 0.515625 -0.078125 0.0301385
0.765625 -0.5 -0.203125 0.0301101
-0.1875 -0.5 0.390625 0.0300741
0.859375 -0.28125 0.40625 0.0300288
-0.671875 0.625 0 0.0300093
0.59375 0.3125 0.078125 0.0300007
0.65625 0.203125 0.109375 0.0300007
