-0.015625 -0.015625 -0.1875 0.712168
0.421875 0.40625 0.59375 0.290287
-0.4375 0.421875 0.59375 0.287054
0.5 0.515625 -0.703125 0.196536
-0.015625 0.203125 0.6875 0.195683
0.515625 -0.53125 -0.703125 0.195002
-0.53125 0.515625 -0.703125 0.195002
0.515625 -0.53125 0.328125 0.195002
-0.53125 -0.53125 -0.71875 0.182854
-0.53125 -0.53125 0.34375 0.182854
-0.015625 0.53125 0.5 0.174007
0.546875 0.546875 0.15625 0.165285
-0.5625 0.546875 0.1875 0.162074
0.5625 0.171875 -0.765625 0.142042
0.5625 0.5625 -0.390625 0.140965
0.5625 -0.21875 -0.765625 0.140279
-0.21875 0.5625 -0.765625 0.140279
0.5625 -0.21875 0.390625 0.140279
0.15625 0.5625 -0.765625 0.138924
0.5625 0.046875 0.40625 0.134335
-0.234375 -0.59375 -0.765625 0.134035
0.1875 -0.59375 -0.765625 0.134035
-0.59375 -0.234375 -0.765625 0.134035
-0.59375 0.1875 -0.765625 0.134035
0.578125 -0.59375 -0.390625 0.134035
-0.59375 0.578125 -0.390625 0.134035
0.578125 -0.59375 -0.015625 0.134035
-0.234375 -0.59375 0.390625 0.134035
0.1875 -0.59375 0.390625 0.134035
-0.59375 -0.234375 0.390625 0.134035
-0.59375 0.046875 0.421875 0.134035
-0.59375 -0.59375 -0.421875 0.131665
-0.59375 -0.59375 0.046875 0.131665
0.578125 0.578125 -0.125 0.131603
0.078125 0.578125 0.765625 0.126562
-0.59375 0.578125 -0.09375 0.125228
0.28125 0.59375 0.265625 0.115386
-0.234375 0.59375 0.3125 0.112435
-0.609375 0.109375 0.78125 0.110937
0.59375 0.265625 0.265625 0.10872
0.59375 0.109375 0.78125 0.10668
-0.609375 -0.609375 -0.1875 0.106128
-0.296875 0.109375 0.78125 0.105908
-0.15625 0.59375 0.78125 0.105216
-0.625 0.28125 0.265625 0.102784
0.25 0.09375 0.765625 0.101562
-0.03125 -0.53125 -0.8125 0.0953124
-0.53125 -0.03125 -0.8125 0.0953124
-0.03125 -0.53125 0.4375 0.0946877
0.609375 0.28125 -0.578125 0.0910325
0.28125 -0.40625 -0.8125 0.0907936
-0.40625 0.28125 -0.8125 0.0907936
0.359375 0.28125 -0.8125 0.0907936
0.28125 -0.40625 0.4375 0.0907936
0.609375 -0.515625 -0.203125 0.0886512
-0.046875 0.625 -0.65625 0.0871596
0.234375 0.625 -0.578125 0.0871596
-0.34375 0.625 -0.546875 0.0871596
0.625 -0.03125 -0.671875 0.0871592
0.625 -0.328125 -0.5625 0.0871592
0.625 -0.40625 0.078125 0.0871592
0.0625 0.625 0.265625 0.0871592
0.625 0.625 0.375 0.0871592
-0.328125 -0.40625 -0.8125 0.0868106
-0.328125 -0.40625 0.4375 0.0868106
-0.34375 0.625 0.140625 0.0861585
0.390625 -0.640625 0.09375 0.0860131
-0.28125 0.078125 0.5625 0.0859373
0.21875 0.078125 0.5625 0.0859373
0.359375 0.625 -0.46875 0.085248
-0.40625 -0.640625 -0.515625 0.0849226
-0.640625 -0.40625 -0.515625 0.0849226
-0.40625 -0.640625 0.140625 0.0849226
-0.640625 -0.40625 0.140625 0.0849226
0.375 -0.640625 -0.484375 0.0841339
-0.640625 0.375 -0.484375 0.0841339
0.625 0.625 0.796875 0.0832698
0.625 0.078125 0.59375 0.0829673
0.625 -0.28125 0.1875 0.0829048
0.46875 -0.640625 -0.203125 0.0803986
0.453125 -0.03125 -0.8125 0.0801072
-0.046875 0.4375 -0.828125 0.0796876
0.625 0.34375 -0.4375 0.0793903
0.21875 0.359375 -0.828125 0.0790157
-0.046875 -0.640625 -0.671875 0.0789592
-0.640625 -0.046875 -0.671875 0.0789592
-0.046875 -0.640625 0.296875 0.0789592
-0.140625 0.40625 0.8125 0.0789418
-0.4375 0.625 0 0.0784264
0.28125 -0.640625 0.21875 0.0783682
0.625 0.390625 -0.015625 0.0778124
0.390625 0.625 -0.015625 0.0778124
-0.40625 -0.28125 -0.828125 0.0770714
-0.40625 -0.28125 0.453125 0.0770714
0.359375 0.046875 0.5 0.0767436
0.359375 -0.28125 -0.828125 0.0766358
-0.28125 0.359375 -0.828125 0.0766358
0.359375 -0.28125 0.453125 0.0766358
0.625 -0.40625 -0.40625 0.0763824
-0.40625 0.625 -0.40625 0.076369
0.625 -0.078125 0.25 0.0760429
0.1875 0.625 0.421875 0.0760024
-0.640625 0.625 0.8125 0.0758393
-0.46875 0.625 -0.25 0.074873
0.625 0.3125 0.109375 0.0741796
0.40625 0.109375 0.8125 0.0735912
0.125 0.375 0.8125 0.073566
0.609375 -0.03125 -0.828125 0.0732455
0.625 0.421875 -0.25 0.0727
0.421875 0.625 -0.25 0.0727
-0.640625 0.078125 0.609375 0.0725005
0.265625 -0.640625 -0.59375 0.0718787
-0.640625 0.265625 -0.59375 0.0718787
-0.265625 -0.65625 -0.578125 0.0715342
-0.65625 -0.265625 -0.578125 0.0715342
-0.1875 0.640625 -0.578125 0.0715342
-0.65625 0.4375 -0.25 0.0715342
-0.65625 0.40625 0 0.0715342
0.28125 0.640625 0.09375 0.0715342
-0.65625 -0.265625 0.203125 0.0715342
0.640625 0.0625 0.21875 0.0715342
-0.65625 -0.09375 0.265625 0.0715342
-0.65625 0.640625 0.375 0.0715342
-0.046875 0.640625 -0.828125 0.0715337
0.640625 -0.1875 -0.578125 0.0715337
0.640625 -0.421875 -0.09375 0.0715337
-0.265625 -0.65625 0.203125 0.0715337
-0.09375 0.640625 0.21875 0.0715337
0.25 0.640625 0.8125 0.0715337
-0.453125 -0.109375 0.453125 0.0712521
0.640625 0.09375 -0.59375 0.0711775
-0.65625 0.109375 0.25 0.0710635
-0.46875 -0.65625 -0.28125 0.0707877
-0.65625 -0.46875 -0.28125 0.0707877
-0.46875 -0.65625 -0.09375 0.0707877
-0.65625 -0.46875 -0.09375 0.0707877
-0.40625 0.640625 0.328125 0.0707541
-0.65625 0.328125 0.109375 0.0705712
-0.5 0.0625 0.609375 0.0703118
0.40625 -0.09375 0.453125 0.0692899
-0.40625 0.03125 0.484375 0.067631
0.46875 0.640625 0.34375 0.0672462
0.453125 0.0625 0.6875 0.0661774
-0.15625 -0.4375 -0.828125 0.0660911
-0.15625 -0.4375 0.453125 0.0660911
0.078125 0.640625 -0.59375 0.0659635
0.640625 0.421875 0.328125 0.0654774
0.09375 -0.4375 -0.828125 0.0653238
-0.4375 0.09375 -0.828125 0.0653238
0.09375 -0.4375 0.453125 0.0653238
-0.453125 0.0625 0.71875 0.0648403
0.15625 0.640625 0.609375 0.0647004
0.375 0.09375 -0.84375 0.0640626
0.640625 0.328125 -0.84375 0.0640626
0.078125 0.375 -0.84375 0.0640626
0.3125 0.640625 -0.84375 0.0640626
-0.453125 0.15625 0.828125 0.0640626
0.1875 0.234375 0.828125 0.0640626
-0.25 0.25 0.828125 0.0640626
-0.65625 0.265625 0.828125 0.0640626
0.640625 0.265625 0.828125 0.0640626
0 0.40625 0.828125 0.0640626
-0.328125 0.640625 0.828125 0.0640626
0.15625 0.484375 0.359375 0.0636339
0.640625 -0.65625 -0.21875 0.0633771
-0.421875 0.640625 -0.140625 0.0631604
-0.421875 -0.15625 -0.84375 0.063103
0.375 -0.15625 -0.84375 0.0625305
-0.09375 0.453125 0.703125 0.0620921
0.390625 -0.65625 -0.34375 0.0615578
0.15625 0.640625 0.15625 0.061281
0.640625 0.640625 -0.546875 0.0609882
-0.1875 0.640625 0.640625 0.0608742
0.09375 -0.65625 -0.609375 0.0599518
-0.65625 0.09375 -0.609375 0.0599518
0.09375 -0.65625 0.234375 0.0599518
-0.21875 0.640625 0.15625 0.059943
0.09375 0.328125 0.484375 0.0598195
0.640625 -0.40625 -0.28125 0.0597713
0.640625 0.203125 0.421875 0.0592079
-0.375 0.484375 0.265625 0.0590701
0.640625 0.171875 0.140625 0.058686
-0.65625 0.21875 0.40625 0.0584784
0.640625 0.375 -0.140625 0.0583413
0.375 0.640625 -0.140625 0.0583413
0.390625 -0.65625 -0.0625 0.0576143
0.46875 0.640625 0.828125 0.0574975
0.328125 0.0625 0.640625 0.0573041
0.484375 0.0625 0.578125 0.0572071
0.34375 -0.65625 -0.84375 0.0571907
-0.65625 0.34375 -0.84375 0.0571907
0.34375 -0.65625 0.46875 0.0571907
0.640625 -0.65625 0.140625 0.0571737
-0.21875 0.640625 0.46875 0.0565643
0.296875 0.453125 -0.84375 0.0562232
-0.53125 0.640625 0.828125 0.055958
-0.65625 0.65625 -0.546875 0.0559094
-0.234375 0.65625 -0.46875 0.0559094
0.203125 0.65625 -0.453125 0.0559094
0.296875 0.65625 -0.328125 0.0559094
-0.328125 0.65625 0.015625 0.0559094
-0.53125 0.65625 0.359375 0.0559094
0.625 0.65625 0.515625 0.0559094
0.640625 0.65625 0.640625 0.0559094
0.65625 -0.390625 -0.84375 0.0559089
0.65625 0.640625 -0.84375 0.0559089
-0.390625 0.65625 -0.84375 0.0559089
-0.078125 -0.671875 -0.828125 0.0559089
-0.671875 -0.078125 -0.828125 0.0559089
0.65625 -0.671875 -0.546875 0.0559089
0.65625 -0.078125 -0.546875 0.0559089
0.65625 0.40625 -0.546875 0.0559089
0.65625 -0.484375 -0.515625 0.0559089
-0.484375 0.65625 -0.515625 0.0559089
0.65625 0.15625 -0.5 0.0559089
0.65625 -0.234375 -0.46875 0.0559089
-0.375 -0.671875 -0.390625 0.0559089
-0.671875 -0.375 -0.390625 0.0559089
-0.671875 0.359375 -0.34375 0.0559089
0.65625 0.3125 -0.3125 0.0559089
-0.359375 0.65625 -0.296875 0.0559089
-0.671875 0.65625 -0.234375 0.0559089
-0.671875 0.390625 -0.140625 0.0559089
-0.40625 -0.671875 0 0.0559089
-0.671875 -0.40625 0 0.0559089
0.65625 -0.28125 0.0625 0.0559089
0.65625 -0.171875 0.140625 0.0559089
0 -0.671875 0.421875 0.0559089
0.65625 -0.390625 0.46875 0.0559089
-0.671875 0.65625 0.5 0.0559089
-0.671875 0.65625 0.671875 0.0559089
0.65625 0.453125 0.828125 0.0559089
-0.671875 0.5 0.828125 0.0559089
-0.171875 0.390625 -0.84375 0.0558431
-0.078125 0.65625 -0.53125 0.0557201
-0.671875 0.40625 0.328125 0.0556645
-0.078125 0.65625 0.671875 0.0553679
-0.515625 0.203125 0.34375 0.0551343
-0.671875 -0.671875 -0.578125 0.055104
-0.671875 -0.671875 0.203125 0.055104
-0.140625 -0.671875 -0.578125 0.0550013
-0.671875 -0.140625 -0.578125 0.0550013
-0.140625 -0.671875 0.203125 0.0550013
0.65625 0.65625 0.015625 0.0548418
-0.390625 -0.671875 -0.84375 0.0547869
0.03125 -0.671875 -0.84375 0.0547869
-0.671875 -0.390625 -0.84375 0.0547869
-0.671875 0.03125 -0.84375 0.0547869
-0.390625 -0.671875 0.46875 0.0547869
-0.671875 -0.390625 0.46875 0.0547869
-0.140625 0.3125 0.484375 0.0544682
0.296875 0.65625 -0.6875 0.0536537
0.65625 -0.671875 -0.84375 0.0536456
-0.671875 0.65625 -0.84375 0.0536456
0.65625 -0.671875 0.46875 0.0536456
-0.0625 0.65625 0.328125 0.0534883
0.65625 0.3125 -0.703125 0.0534866
0.65625 -0.375 -0.1875 0.0530128
-0.15625 0.046875 0.828125 0.0529644
0.109375 0.046875 0.828125 0.0529644
0 0.65625 0.15625 0.0528085
0.46875 0.359375 0.25 0.0527122
0.21875 0.65625 0.703125 0.052593
0.53125 -0.453125 -0.484375 0.0525904
-0.453125 0.53125 -0.484375 0.0525904
0.375 0.4375 0.265625 0.0523443
-0.671875 0.203125 0.140625 0.05232
-0.671875 0.5 0.359375 0.0521059
0.65625 -0.328125 -0.03125 0.0518208
-0.21875 0.046875 0.671875 0.0517945
0.265625 0.40625 -0.734375 0.0517256
-0.671875 0.171875 0.53125 0.0516765
0.65625 -0.53125 0.125 0.0516753
-0.5 0.359375 0.265625 0.0516753
-0.1875 0.453125 0.375 0.0513403
-0.03125 0.5 -0.734375 0.0512967
0.09375 0.40625 0.703125 0.0512698
0.296875 0.65625 0.40625 0.0511661
0.65625 0.65625 -0.265625 0.051131
-0.671875 0.65625 0.046875 0.05091
-0.15625 0.046875 0.546875 0.0507915
0.65625 0.265625 0 0.0507417
-0.375 0.078125 0.65625 0.0504551
0.65625 0.171875 0.515625 0.0503953
0.65625 0.21875 -0.421875 0.0503316
-0.421875 -0.671875 -0.1875 0.0502951
-0.21875 -0.34375 -0.84375 0.0496659
-0.21875 -0.34375 0.46875 0.0496659
-0.671875 -0.421875 -0.1875 0.0496316
0.65625 -0.296875 -0.390625 0.0493722
-0.296875 0.65625 -0.390625 0.0493722
-0.203125 0.171875 0.53125 0.0492289
0.171875 -0.671875 0.15625 0.0490563
0.3125 0.65625 -0.234375 0.0489218
-0.09375 -0.671875 0.46875 0.0488586
0.109375 0.65625 -0.5 0.0488582
-0.25 0.65625 0.0625 0.0488582
0.65625 -0.09375 0.46875 0.048774
0.390625 0.65625 -0.359375 0.0487132
0.234375 -0.671875 -0.484375 0.0486975
-0.671875 0.234375 -0.484375 0.0486975
0.65625 0.171875 0.65625 0.0484426
0.328125 -0.5625 -0.859375 0.0484374
-0.0625 -0.40625 -0.859375 0.0484374
0.40625 -0.390625 -0.859375 0.0484374
0.140625 -0.359375 -0.859375 0.0484374
0.203125 -0.296875 -0.859375 0.0484374
-0.296875 -0.265625 -0.859375 0.0484374
-0.375 -0.078125 -0.859375 0.0484374
0.328125 -0.0625 -0.859375 0.0484374
-0.34375 0.109375 -0.859375 0.0484374
0.28125 0.140625 -0.859375 0.0484374
-0.296875 0.1875 -0.859375 0.0484374
-0.234375 0.25 -0.859375 0.0484374
-0.140625 0.296875 -0.859375 0.0484374
0.484375 0.3125 -0.859375 0.0484374
-0.5625 0.328125 -0.859375 0.0484374
-0.390625 0.40625 -0.859375 0.0484374
0.65625 0.421875 -0.859375 0.0484374
-0.484375 0.046875 0.84375 0.0484374
0.3125 0.1875 0.84375 0.0484374
-0.5625 0.234375 0.84375 0.0484374
-0.671875 0.375 0.84375 0.0484374
0.1875 0.46875 0.84375 0.0484374
0.359375 0.625 0.84375 0.0484374
-0.4375 0.65625 0.84375 0.0484374
-0.671875 -0.671875 -0.859375 0.0484369
0.46875 0.1875 0.34375 0.0482213
-0.09375 0.546875 0.296875 0.0481791
0.234375 0.234375 -0.859375 0.0480409
0.140625 0.21875 0.515625 0.047941
-0.34375 -0.5625 -0.609375 0.0479326
-0.5625 -0.34375 -0.609375 0.0479326
-0.34375 -0.5625 0.234375 0.0479326
-0.5625 -0.34375 0.234375 0.0479326
-0.359375 -0.671875 -0.65625 0.047889
-0.671875 -0.359375 -0.65625 0.047889
-0.359375 -0.671875 0.28125 0.047889
-0.671875 -0.359375 0.28125 0.047889
-0.296875 -0.671875 -0.46875 0.0478599
-0.671875 -0.296875 -0.46875 0.0478599
-0.296875 -0.671875 0.09375 0.0478599
0.25 -0.671875 0.09375 0.0478599
-0.671875 -0.296875 0.09375 0.0478599
-0.671875 -0.671875 0.484375 0.0478125
0.328125 -0.5625 0.484375 0.0478125
-0.0625 -0.40625 0.484375 0.0478125
0.40625 -0.390625 0.484375 0.0478125
0.140625 -0.359375 0.484375 0.0478125
0.203125 -0.296875 0.484375 0.0478125
-0.28125 -0.28125 0.484375 0.0478125
-0.359375 -0.1875 0.484375 0.0478125
0.28125 -0.1875 0.484375 0.0478125
-0.671875 -0.109375 0.484375 0.0478125
-0.671875 0.171875 0.65625 0.047756
-0.328125 -0.171875 -0.859375 0.0476813
-0.140625 -0.34375 -0.859375 0.0475957
-0.140625 -0.34375 0.484375 0.0475957
0.265625 -0.203125 -0.859375 0.0475399
0.03125 -0.359375 -0.859375 0.0475218
0.03125 -0.359375 0.484375 0.0475218
-0.359375 -0.078125 0.484375 0.0475214
0.28125 0.65625 -0.0625 0.04741
0.65625 0.015625 -0.515625 0.0473251
0.65625 -0.0625 0.140625 0.0473251
-0.578125 0.5 -0.234375 0.0470395
0.3125 0.53125 -0.859375 0.0469656
0.203125 0.65625 0.53125 0.0468843
-0.421875 0.125 0.4375 0.0466673
0.40625 -0.328125 -0.71875 0.0465117
-0.328125 0.40625 -0.71875 0.0465117
0.40625 -0.328125 0.34375 0.0465117
0 0.4375 0.6875 0.0464482
-0.578125 0.65625 -0.234375 0.0463564
-0.671875 0.546875 -0.234375 0.046313
-0.0625 0.484375 0.84375 0.0463066
0.65625 -0.359375 0.28125 0.0462751
-0.375 0.21875 0.84375 0.0462599
-0.25 0.34375 0.84375 0.0462599
0.65625 0.375 0.203125 0.0462384
0.375 0.65625 0.109375 0.0459588
0.15625 -0.671875 -0.53125 0.0459259
-0.671875 0.15625 -0.53125 0.0459259
0.53125 0.390625 -0.5 0.0458374
0.09375 0.046875 0.546875 0.0458212
-0.34375 0.65625 -0.09375 0.0458059
-0.1875 0.65625 0.546875 0.0456316
0.015625 0.65625 -0.515625 0.0456209
-0.4375 -0.34375 -0.734375 0.0455334
-0.4375 -0.34375 0.359375 0.0455334
0.625 0.359375 0.84375 0.0454035
0.3125 -0.671875 0 0.0453303
0.46875 0.1875 0.84375 0.0452452
0.109375 0.28125 -0.859375 0.0450532
0.21875 0.3125 0.84375 0.0450532
-0.34375 0.65625 -0.671875 0.0450392
-0.390625 0 -0.84375 0.0449827
0.65625 -0.40625 0.203125 0.0448577
0.65625 0.28125 0.390625 0.044831
0.65625 0.203125 0.0625 0.0447798
-0.25 0.484375 0.84375 0.0447543
0.21875 0.53125 0.828125 0.0447361
0.140625 0.140625 0.84375 0.0447059
0.65625 0.5 0.390625 0.0446651
0.46875 0.65625 -0.515625 0.044554
0.65625 0.5 -0.53125 0.0444102
0.484375 -0.359375 -0.859375 0.0442891
-0.359375 0.484375 -0.859375 0.0442891
0.484375 -0.359375 0.484375 0.0442891
0.65625 0.484375 0 0.0442228
0.484375 0.65625 0 0.0442228
0.5 -0.484375 0.09375 0.044183
0.03125 -0.671875 -0.75 0.0440993
-0.671875 0.03125 -0.75 0.0440993
-0.140625 0.65625 0.125 0.044096
-0.671875 0 0.203125 0.0438483
-0.28125 0.65625 0.734375 0.0438366
0.125 0.390625 0.421875 0.0438321
0.40625 0.109375 0.421875 0.0437992
-0.453125 -0.390625 -0.859375 0.043792
-0.453125 -0.390625 0.484375 0.043792
-0.015625 0.53125 -0.84375 0.0437322
-0.171875 0.28125 0.84375 0.0437143
0.046875 -0.65625 0.484375 0.04356
0.65625 -0.328125 -0.296875 0.0434175
-0.25 0.15625 0.640625 0.0434122
0.5 -0.0625 -0.71875 0.0434108
0.515625 -0.671875 0.125 0.0433552
-0.03125 0.3125 -0.859375 0.0433345
0.65625 0.296875 -0.078125 0.0433125
0.65625 0.390625 -0.34375 0.0431981
0.65625 0.3125 -0.21875 0.0431252
-0.359375 0.65625 -0.203125 0.0431252
0.65625 0.21875 0.734375 0.0430315
0.359375 0.65625 -0.578125 0.0429509
0.28125 -0.46875 -0.703125 0.0429454
-0.46875 0.28125 -0.703125 0.0429454
0.28125 -0.46875 0.328125 0.0429454
-0.046875 0.65625 0.84375 0.0429006
0.40625 0.65625 -0.859375 0.0428607
0.40625 0.515625 -0.484375 0.0428543
0.65625 -0.1875 0.234375 0.0427907
0.296875 -0.671875 -0.390625 0.0425229
0.28125 -0.546875 -0.640625 0.0424752
-0.546875 0.28125 -0.640625 0.0424752
0.171875 0.65625 0.0625 0.0423751
-0.46875 -0.53125 -0.515625 0.0423677
-0.53125 -0.46875 -0.515625 0.0423677
-0.46875 -0.53125 0.140625 0.0423677
-0.53125 -0.46875 0.140625 0.0423677
0.3125 -0.671875 -0.6875 0.0423231
-0.671875 0.3125 -0.6875 0.0423231
0.4375 -0.546875 0.109375 0.0422509
-0.046875 0.3125 0.484375 0.0421803
0.65625 -0.359375 -0.6875 0.0419712
-0.546875 0.65625 0.03125 0.0418942
-0.578125 0.453125 0.015625 0.0418386
0.4375 0.28125 -0.6875 0.0417876
0.375 0.65625 0.390625 0.0417202
0.296875 -0.09375 0.484375 0.0417066
-0.671875 -0.15625 0.171875 0.0414951
0.65625 -0.59375 -0.53125 0.0413527
0.65625 -0.15625 -0.484375 0.0413527
-0.578125 0.65625 -0.53125 0.0413523
-0.3125 0.65625 0.421875 0.0411954
-0.1875 0.15625 0.84375 0.0411661
0.546875 0.65625 -0.53125 0.0410988
0.15625 0.046875 0.671875 0.0410252
-0.40625 0.09375 0.578125 0.0409467
0.265625 0.5 -0.640625 0.0409405
-0.0625 -0.671875 -0.5625 0.0408931
-0.671875 -0.0625 -0.5625 0.0408931
-0.0625 -0.671875 0.1875 0.0408931
-0.578125 0.15625 0.28125 0.0408666
0.15625 0.65625 0.328125 0.0408659
0.65625 0.140625 0.28125 0.0408585
0.484375 0.28125 -0.640625 0.0408423
0.28125 -0.53125 0.265625 0.0408423
-0.359375 0.65625 0.25 0.0408304
-0.328125 -0.46875 -0.703125 0.0407736
-0.328125 -0.46875 0.328125 0.0407736
-0.3125 0.515625 -0.625 0.0407279
0.515625 -0.3125 0.25 0.0407279
0.65625 0.046875 -0.859375 0.0406573
0.65625 0.015625 0.125 0.0406318
-0.359375 0.109375 0.46875 0.0405502
0.234375 0.453125 0.328125 0.040405
-0.1875 0.234375 0.5 0.040343
0.65625 0.546875 -0.859375 0.0403125
-0.59375 0.671875 -0.859375 0.0402839
-0.5 0.671875 -0.859375 0.0402839
0.046875 0.671875 -0.859375 0.0402839
0.53125 0.671875 -0.859375 0.0402839
0.65625 0.671875 -0.765625 0.0402839
0.65625 0.671875 -0.65625 0.0402839
-0.15625 0.671875 -0.484375 0.0402839
0.203125 0.671875 -0.359375 0.0402839
-0.265625 0.671875 -0.328125 0.0402839
0.515625 0.671875 -0.25 0.0402839
-0.265625 0.671875 -0.03125 0.0402839
0.203125 0.671875 -0.03125 0.0402839
0.0625 0.671875 0.078125 0.0402839
-0.078125 0.671875 0.09375 0.0402839
0.390625 0.671875 0.203125 0.0402839
0.015625 0.671875 0.359375 0.0402839
-0.140625 0.671875 0.390625 0.0402839
0.078125 0.671875 0.390625 0.0402839
0.515625 0.671875 0.421875 0.0402839
-0.59375 0.671875 0.4375 0.0402839
0.015625 0.671875 0.640625 0.0402839
-0.609375 0.671875 0.71875 0.0402839
0.546875 0.671875 0.71875 0.0402839
0.421875 -0.6875 -0.859375 0.0402837
0.671875 -0.59375 -0.859375 0.0402837
0.671875 -0.5 -0.859375 0.0402837
0.671875 -0.125 -0.859375 0.0402837
-0.6875 0.421875 -0.859375 0.0402837
0.671875 0.015625 -0.765625 0.0402837
0.671875 0.359375 -0.765625 0.0402837
-0.375 0.671875 -0.75 0.0402837
0 0.671875 -0.75 0.0402837
0.671875 -0.296875 -0.65625 0.0402837
0.671875 -0.140625 -0.65625 0.0402837
0.671875 0.375 -0.640625 0.0402837
-0.28125 0.671875 -0.640625 0.0402837
0 -0.6875 -0.578125 0.0402837
0.671875 -0.4375 -0.578125 0.0402837
-0.6875 0 -0.578125 0.0402837
-0.59375 -0.6875 -0.5625 0.0402837
-0.6875 -0.59375 -0.5625 0.0402837
-0.53125 -0.6875 -0.546875 0.0402837
-0.6875 -0.53125 -0.546875 0.0402837
0.046875 -0.6875 -0.53125 0.0402837
0.46875 -0.6875 -0.53125 0.0402837
0.546875 -0.6875 -0.53125 0.0402837
-0.6875 0.046875 -0.53125 0.0402837
-0.6875 0.46875 -0.53125 0.0402837
-0.6875 0.546875 -0.53125 0.0402837
-0.203125 -0.6875 -0.5 0.0402837
-0.6875 -0.203125 -0.5 0.0402837
0.671875 -0.046875 -0.46875 0.0402837
0.671875 0.0625 -0.46875 0.0402837
0.671875 0.4375 -0.46875 0.0402837
0.671875 0.671875 -0.46875 0.0402837
-0.6875 0.265625 -0.40625 0.0402837
0.671875 0.203125 -0.34375 0.0402837
0.671875 -0.265625 -0.328125 0.0402837
-0.34375 -0.6875 -0.3125 0.0402837
0.296875 -0.6875 -0.3125 0.0402837
-0.6875 -0.34375 -0.3125 0.0402837
-0.6875 -0.6875 -0.296875 0.0402837
0.34375 -0.6875 -0.265625 0.0402837
-0.6875 0.3125 -0.265625 0.0402837
0.671875 0.5 -0.265625 0.0402837
0.328125 -0.6875 -0.1875 0.0402837
0.265625 0.671875 -0.171875 0.0402837
0.5625 -0.6875 -0.15625 0.0402837
0.671875 0.265625 -0.15625 0.0402837
-0.3125 0.671875 -0.15625 0.0402837
0.671875 -0.3125 -0.140625 0.0402837
-0.375 -0.6875 -0.125 0.0402837
0.671875 -0.6875 -0.125 0.0402837
-0.6875 -0.375 -0.125 0.0402837
0.3125 -0.6875 -0.109375 0.0402837
-0.6875 -0.6875 -0.078125 0.0402837
-0.6875 0.3125 -0.078125 0.0402837
-0.34375 -0.6875 -0.0625 0.0402837
-0.6875 -0.34375 -0.0625 0.0402837
0.671875 -0.25 -0.015625 0.0402837
-0.6875 0.28125 0 0.0402837
-0.328125 -0.6875 0.015625 0.0402837
-0.6875 -0.328125 0.015625 0.0402837
0.671875 -0.203125 0.03125 0.0402837
-0.6875 0.5 0.03125 0.0402837
0.671875 0.109375 0.0625 0.0402837
0.671875 -0.125 0.078125 0.0402837
0.671875 0.40625 0.078125 0.0402837
-0.453125 0.671875 0.09375 0.0402837
-0.21875 -0.6875 0.109375 0.0402837
-0.6875 -0.21875 0.109375 0.0402837
0.03125 -0.6875 0.15625 0.0402837
-0.6875 -0.09375 0.15625 0.0402837
-0.6875 0.046875 0.15625 0.0402837
-0.53125 -0.6875 0.171875 0.0402837
-0.6875 -0.53125 0.171875 0.0402837
-0.6875 0.375 0.1875 0.0402837
0.375 -0.6875 0.203125 0.0402837
0.671875 -0.6875 0.21875 0.0402837
0.671875 0.671875 0.234375 0.0402837
0.171875 -0.6875 0.25 0.0402837
-0.6875 0.671875 0.28125 0.0402837
0.046875 -0.6875 0.3125 0.0402837
0.3125 -0.6875 0.3125 0.0402837
0.671875 0.5 0.3125 0.0402837
-0.6875 0.15625 0.328125 0.0402837
0.671875 -0.09375 0.34375 0.0402837
0.671875 0.15625 0.34375 0.0402837
0.671875 -0.375 0.375 0.0402837
-0.6875 0.296875 0.390625 0.0402837
0.671875 0.5625 0.46875 0.0402837
0.421875 -0.6875 0.484375 0.0402837
0.671875 -0.59375 0.484375 0.0402837
0.671875 -0.5 0.484375 0.0402837
0.265625 0.671875 0.484375 0.0402837
-0.640625 0.671875 0.578125 0.0402837
0.671875 0.578125 0.6875 0.0402837
-0.6875 0.21875 0.71875 0.0402837
0.296875 0.671875 0.734375 0.0402837
0.671875 0.515625 0.765625 0.0402837
0.359375 0.671875 0.765625 0.0402837
0.515625 -0.3125 -0.625 0.0402653
0.15625 0.671875 0.25 0.0401185
0.390625 0.671875 0.28125 0.0401185
0.03125 -0.578125 -0.6875 0.0400486
-0.578125 0.03125 -0.6875 0.0400486
0.03125 -0.578125 0.3125 0.0400486
-0.1875 0.671875 0.046875 0.0400262
-0.6875 0 0.28125 0.0400171
0.4375 -0.546875 -0.484375 0.0398614
-0.546875 0.4375 -0.484375 0.0398598
0.046875 0.671875 -0.453125 0.0398197
0.59375 0.5 0.34375 0.039814
0.53125 0.390625 0.296875 0.0397959
0.671875 0.21875 -0.0625 0.039758
0.140625 0.53125 0.28125 0.0397372
-0.375 -0.5625 -0.859375 0.0396683
-0.5625 -0.375 -0.859375 0.0396683
-0.375 -0.5625 0.484375 0.0396683
-0.5625 -0.375 0.484375 0.0396683
-0.6875 0.21875 0.0625 0.039664
0.671875 -0.5 -0.296875 0.0395675
0.671875 -0.375 -0.765625 0.0394387
0.671875 -0.21875 -0.390625 0.0394387
-0.6875 0.671875 -0.625 0.0394382
0.265625 0.671875 -0.40625 0.0394382
-0.21875 0.671875 -0.390625 0.0394382
0.328125 0.671875 -0.765625 0.0394032
0.203125 0.140625 0.65625 0.0393524
0.234375 0.671875 0.625 0.0393271
0.125 0.5625 0.34375 0.0392702
0.359375 0.578125 0.078125 0.0392623
0.671875 -0.3125 -0.21875 0.0391369
0.546875 0.234375 0.84375 0.0391262
0.296875 0.015625 -0.859375 0.0391133
0.671875 0.34375 0.796875 0.0390756
0.546875 0.03125 0.671875 0.039062
0.671875 0.03125 0.6875 0.039062
-0.078125 0.03125 0.84375 0.039062
0.015625 0.03125 0.84375 0.039062
0.671875 0.4375 -0.09375 0.0390377
0.4375 0.671875 -0.09375 0.0390377
-0.40625 0.671875 0.78125 0.0389588
0.5625 -0.375 -0.859375 0.0389228
-0.375 0.5625 -0.859375 0.0389228
0.5625 -0.375 0.484375 0.0389228
0.671875 -0.078125 -0.765625 0.0389102
0.671875 0.203125 0.578125 0.0388031
0.671875 0.59375 0.578125 0.0388031
0.671875 0.4375 -0.171875 0.0387404
0.4375 0.671875 -0.171875 0.0387404
-0.6875 0.578125 0.453125 0.0387144
-0.421875 0.03125 0.796875 0.0386255
0.046875 0.671875 -0.6875 0.0386112
0.671875 0.25 -0.484375 0.038605
0.3125 0.53125 -0.5625 0.038595
0.359375 0.03125 0.75 0.0385644
-0.5 0.515625 0.015625 0.038552
-0.421875 0.671875 0.21875 0.0384343
-0.375 0.5625 0.234375 0.038388
-0.53125 -0.5625 -0.28125 0.0383511
-0.53125 -0.5625 -0.09375 0.0383511
0.671875 0.125 -0.421875 0.0382824
0.671875 0.34375 0.40625 0.0382626
-0.5 0.28125 0.3125 0.0382061
-0.46875 -0.6875 -0.40625 0.0381436
-0.6875 -0.46875 -0.40625 0.0381436
-0.15625 0.375 0.4375 0.0381229
-0.625 0 0.25 0.0381184
0.546875 -0.375 0.171875 0.0380647
0.671875 0 0.296875 0.0379546
0.671875 0.171875 -0.609375 0.0379381
0.671875 -0.6875 -0.765625 0.0378485
-0.6875 0.671875 -0.765625 0.0378485
0.671875 -0.6875 -0.640625 0.0378485
0.671875 -0.6875 0.390625 0.0378485
0.328125 -0.671875 0.375 0.0377657
0.09375 0.359375 0.578125 0.0377126
-0.265625 0.671875 0.53125 0.037653
-0.375 -0.6875 -0.25 0.0375288
-0.6875 -0.375 -0.25 0.0375288
-0.6875 0.328125 -0.203125 0.0375288
-0.6875 0.421875 -0.390625 0.0375016
0.671875 -0.625 -0.140625 0.0374932
-0.15625 0.546875 0.65625 0.0374718
-0.625 -0.1875 0.234375 0.0374367
0.03125 0.421875 0.75 0.0374081
0.359375 0.390625 -0.859375 0.0373697
0.578125 -0.1875 0.21875 0.0373454
-0.515625 -0.09375 0.359375 0.0373399
0.390625 0.0625 0.59375 0.0373189
-0.6875 0.578125 0.71875 0.0373008
0.53125 -0.015625 -0.75 0.0372999
0.40625 -0.203125 0.484375 0.037267
-0.5625 -0.109375 0.484375 0.0372632
0.359375 -0.6875 -0.609375 0.037246
-0.6875 0.359375 -0.609375 0.037246
0.671875 -0.3125 -0.859375 0.0372417
-0.3125 0.671875 -0.859375 0.0372417
-0.140625 0.671875 -0.859375 0.0372417
0.671875 -0.3125 0.484375 0.0372417
0.671875 0.5625 -0.25 0.0372174
0.671875 0.5625 0 0.0372174
0.5625 0.671875 0 0.0372174
0.671875 -0.125 -0.4375 0.0371811
0.125 0.03125 0.75 0.0371673
-0.59375 -0.6875 -0.859375 0.0371604
-0.484375 -0.6875 -0.859375 0.0371604
-0.6875 -0.59375 -0.859375 0.0371604
-0.6875 -0.484375 -0.859375 0.0371604
-0.59375 -0.6875 0.484375 0.0371604
-0.484375 -0.6875 0.484375 0.0371604
-0.6875 -0.59375 0.484375 0.0371604
-0.6875 -0.484375 0.484375 0.0371604
0.40625 0.171875 -0.859375 0.0371599
-0.3125 0.671875 -0.234375 0.0371351
0.421875 0.671875 0.0625 0.0371351
0.25 0.140625 0.484375 0.0371289
-0.4375 -0.609375 -0.40625 0.0371175
-0.609375 -0.4375 -0.40625 0.0371175
-0.15625 -0.609375 -0.625 0.037117
-0.609375 -0.15625 -0.625 0.037117
-0.15625 -0.609375 0.25 0.037117
0.171875 -0.6875 -0.625 0.0370922
-0.6875 0.171875 -0.625 0.0370922
-0.0625 0.671875 -0.453125 0.0370154
0.671875 -0.59375 0.171875 0.0370026
0.671875 -0.484375 0.171875 0.0370026
0.59375 0.515625 0.84375 0.0369866
0.3125 -0.5625 -0.578125 0.0369494
-0.5625 0.3125 -0.578125 0.0369494
-0.578125 0.03125 0.671875 0.0369303
0.671875 0.234375 -0.265625 0.0369267
0.234375 0.671875 -0.265625 0.0369267
-0.46875 0.671875 0.40625 0.0368912
-0.6875 0.234375 0.484375 0.0368693
0.5 -0.09375 0.484375 0.0368598
0.671875 -0.28125 -0.078125 0.0368574
0.671875 -0.28125 0.28125 0.0368276
-0.4375 0.375 0.28125 0.0368226
0.671875 0.171875 0 0.0367508
-0.1875 0.03125 0.75 0.0367301
0.484375 0.03125 0.84375 0.0367231
0.125 0.671875 0.5 0.0367188
-0.453125 0.671875 -0.328125 0.0367115
0.390625 0.5 0.28125 0.0365403
-0.46875 0.109375 0.5 0.0365286
0.140625 0.671875 -0.640625 0.0364294
-0.3125 0.453125 0.3125 0.0363736
0.328125 0.546875 0.140625 0.0363321
-0.4375 -0.609375 0.03125 0.0362408
-0.609375 -0.4375 0.03125 0.0362408
0.125 0.671875 -0.421875 0.0362403
0.546875 0.671875 0.484375 0.0362403
-0.265625 0.671875 0.671875 0.0362072
-0.484375 0.671875 -0.078125 0.0362036
-0.46875 0.15625 0.390625 0.0360656
-0.6875 -0.6875 0.40625 0.0360532
-0.59375 0.390625 0.3125 0.0360501
0.515625 0.09375 0.640625 0.0360363
-0.125 0.34375 0.546875 0.0360315
-0.296875 0.546875 0.84375 0.0359976
0 -0.6875 0.21875 0.0359883
-0.5625 -0.09375 0.3125 0.0359871
-0.0625 0.671875 0.765625 0.0359852
0.4375 0.296875 0.296875 0.0359657
-0.09375 -0.546875 -0.703125 0.0359237
-0.546875 -0.09375 -0.703125 0.0359237
-0.09375 -0.546875 0.328125 0.0359237
-0.03125 0.5625 -0.765625 0.0359211
0.671875 0.546875 -0.5625 0.03585
-0.375 -0.6875 -0.75 0.0357742
-0.109375 -0.6875 -0.75 0.0357742
-0.6875 -0.375 -0.75 0.0357742
-0.6875 -0.109375 -0.75 0.0357742
0.4375 -0.6875 -0.40625 0.0357742
0.4375 -0.6875 0 0.0357742
-0.375 -0.6875 0.375 0.0357742
-0.109375 -0.6875 0.375 0.0357742
-0.6875 -0.375 0.375 0.0357742
-0.6875 -0.109375 0.375 0.0357742
0.5625 -0.6875 -0.859375 0.0356982
-0.6875 0.5625 -0.859375 0.0356982
0.453125 -0.6875 0.171875 0.0356982
0.5625 -0.6875 0.484375 0.0356982
-0.078125 0.546875 0.6875 0.0356812
-0.203125 -0.28125 -0.859375 0.035651
-0.203125 -0.28125 0.484375 0.035651
-0.28125 -0.203125 0.484375 0.035651
-0.28125 0.15625 0.484375 0.035651
-0.125 0.390625 0.625 0.0355515
0.671875 0.0625 -0.6875 0.0354934
0.328125 -0.6875 -0.75 0.0354891
-0.6875 0.328125 -0.75 0.0354891
0.453125 -0.09375 0.375 0.0354569
-0.6875 -0.6875 -0.78125 0.035429
0.171875 -0.625 0.203125 0.0354228
-0.578125 0.34375 0.171875 0.0354223
0.5625 0.125 0.25 0.0354111
0.0625 -0.6875 -0.6875 0.0353959
-0.6875 0.0625 -0.6875 0.0353959
0.515625 0.671875 0.78125 0.0353796
0.671875 0.234375 0.5 0.0353703
0.671875 0.28125 0.75 0.0353496
0.671875 0.421875 -0.390625 0.0353355
-0.09375 0.671875 -0.75 0.0352955
0.046875 0.421875 -0.78125 0.035224
-0.078125 0.03125 0.546875 0.0351787
-0.125 0.671875 0.609375 0.0351315
0.171875 0.171875 0.578125 0.0351043
0.671875 0.21875 -0.65625 0.0350647
-0.5625 0.671875 0.75 0.0350444
0.671875 0.671875 0.71875 0.0350411
-0.578125 -0.515625 -0.265625 0.0349772
-0.578125 -0.515625 -0.109375 0.0349772
0.5625 -0.6875 0.171875 0.034976
-0.203125 0.3125 0.78125 0.034961
0.359375 -0.1875 0.4375 0.03493
-0.515625 -0.359375 -0.84375 0.0349119
-0.515625 -0.359375 0.46875 0.0349119
0.296875 0.4375 0.296875 0.0348735
0.34375 0.671875 -0.640625 0.0348616
0.671875 0.15625 0.21875 0.0348458
0.5625 -0.140625 -0.625 0.0348401
-0.6875 0.109375 0.125 0.0347924
-0.609375 0.140625 0.546875 0.0347855
-0.609375 0.40625 -0.375 0.0347478
0.671875 0.53125 0.84375 0.0347252
0.53125 0.5625 0.84375 0.0347252
0.53125 0.671875 0.84375 0.0347252
0.046875 0.453125 -0.859375 0.0346782
0.671875 0.421875 0.25 0.0346253
-0.453125 0.671875 -0.578125 0.0345907
0.671875 0.265625 -0.375 0.0345907
0.671875 0.671875 0.578125 0.0345902
-0.6875 0.203125 0.59375 0.034579
0.453125 -0.6875 -0.09375 0.0345352
0.328125 -0.5625 0.1875 0.0345299
-0.6875 0.328125 0.78125 0.0345092
-0.3125 0.03125 0.671875 0.0345035
0.578125 0.671875 0.578125 0.0345027
-0.578125 0.125 0.65625 0.0344577
0.671875 0.671875 0.09375 0.034425
0.375 -0.6875 -0.140625 0.0343697
-0.59375 -0.671875 0.1875 0.0342965
-0.671875 -0.59375 0.1875 0.0342965
0.671875 -0.34375 -0.46875 0.0342901
0.0625 0.671875 0.171875 0.0342901
0.671875 0.609375 0.28125 0.0342901
0.609375 0.671875 0.28125 0.0342901
0.671875 0.484375 -0.84375 0.0342677
0.390625 0.578125 -0.34375 0.0342441
0.03125 -0.53125 0.34375 0.0342331
0.671875 -0.015625 -0.578125 0.0342052
0.671875 -0.046875 0.078125 0.034205
0.546875 0.359375 -0.859375 0.0341637
0.25 0.671875 0 0.0341203
-0.375 0.515625 0.1875 0.0340979
0.609375 -0.3125 -0.453125 0.0340865
0.390625 0.671875 0.8125 0.0340512
0.296875 0.671875 -0.125 0.0340509
-0.28125 0.671875 -0.109375 0.0340509
-0.484375 -0.609375 -0.203125 0.0340466
-0.609375 -0.484375 -0.203125 0.0340466
0.421875 0.671875 0.421875 0.0339935
0.421875 0.671875 -0.5625 0.0339799
0.671875 0.0625 0.109375 0.0339484
-0.5 0.671875 -0.171875 0.0339212
0.09375 -0.6875 0.140625 0.033901
0.40625 0.546875 0.3125 0.0338986
0.515625 0.46875 -0.015625 0.0338786
0.578125 0.671875 -0.828125 0.0338655
-0.328125 0.515625 0.21875 0.0338073
0.171875 -0.453125 -0.859375 0.0337832
-0.453125 0.171875 -0.859375 0.0337832
0.171875 -0.453125 0.484375 0.0337832
0.515625 0.015625 -0.6875 0.0337646
0.5625 -0.625 -0.1875 0.0337045
0.421875 0.0625 -0.78125 0.033694
-0.203125 -0.6875 -0.640625 0.0336676
-0.6875 -0.203125 -0.640625 0.0336676
0.484375 -0.5625 -0.265625 0.0336676
-0.515625 0.53125 -0.265625 0.0336676
-0.203125 -0.6875 0.265625 0.0336676
-0.046875 0.453125 0.765625 0.0336585
0.671875 0.421875 0.40625 0.0336573
-0.46875 -0.140625 -0.765625 0.033649
0.671875 -0.46875 -0.015625 0.033649
-0.390625 0.03125 0.59375 0.0336335
-0.515625 0.671875 0.765625 0.0336087
0.03125 -0.53125 -0.71875 0.0336082
-0.53125 0.03125 -0.71875 0.0336082
0.21875 0.671875 -0.859375 0.0336058
0.21875 0.671875 -0.671875 0.0336058
0.453125 -0.6875 -0.296875 0.0335789
0.28125 0.546875 0.84375 0.0335586
-0.03125 0.546875 0.28125 0.0335164
0.46875 0.515625 -0.015625 0.0335045
0.515625 0.34375 0.171875 0.0334752
0.171875 -0.6875 0.078125 0.033474
0.359375 0.09375 0.703125 0.0333855
-0.375 0.671875 0.40625 0.0333848
-0.140625 0.671875 -0.421875 0.033365
-0.578125 -0.6875 -0.296875 0.0333295
-0.6875 -0.578125 -0.296875 0.0333295
-0.578125 -0.6875 -0.078125 0.0333295
-0.6875 -0.578125 -0.078125 0.0333295
0.09375 0.4375 0.640625 0.0333071
0.59375 0.453125 -0.515625 0.0332713
0.109375 0.109375 0.53125 0.0332172
0.671875 0.09375 0.5 0.0332043
-0.59375 0.390625 0.0625 0.0331857
0.671875 0.015625 0.515625 0.0331378
-0.609375 0.53125 0.84375 0.0331316
0.078125 0.515625 0.3125 0.0330977
0.515625 -0.4375 0.125 0.0330973
0.671875 0.234375 0.15625 0.0330408
0.4375 -0.34375 -0.8125 0.0330396
-0.34375 0.4375 -0.8125 0.0330396
0.4375 -0.34375 0.4375 0.0330396
-0.265625 0.671875 0.796875 0.0330188
0.4375 0.671875 0.765625 0.0330019
-0.484375 -0.328125 -0.6875 0.0330002
-0.484375 -0.328125 0.3125 0.0330002
0.328125 0.03125 0.84375 0.0329859
0.671875 0.265625 0.453125 0.0329814
0.671875 -0.421875 -0.5 0.0329754
-0.609375 0.671875 0.515625 0.0329754
-0.6875 -0.6875 -0.671875 0.0329528
-0.6875 -0.6875 0.296875 0.0329528
0.453125 0.671875 0.265625 0.0328567
0.21875 0.671875 -0.09375 0.0328505
0.484375 -0.6875 -0.875 0.0328124
-0.125 -0.625 -0.875 0.0328124
0.046875 -0.609375 -0.875 0.0328124
0.078125 -0.53125 -0.875 0.0328124
-0.359375 -0.515625 -0.875 0.0328124
0.328125 -0.5 -0.875 0.0328124
-0.25 -0.46875 -0.875 0.0328124
0.375 -0.46875 -0.875 0.0328124
-0.421875 -0.453125 -0.875 0.0328124
0 -0.4375 -0.875 0.0328124
-0.078125 -0.34375 -0.875 0.0328124
-0.5 -0.328125 -0.875 0.0328124
-0.03125 -0.3125 -0.875 0.0328124
0.0625 -0.3125 -0.875 0.0328124
0.125 -0.296875 -0.875 0.0328124
-0.15625 -0.28125 -0.875 0.0328124
-0.21875 -0.234375 -0.875 0.0328124
0.171875 -0.234375 -0.875 0.0328124
-0.265625 -0.1875 -0.875 0.0328124
0.203125 -0.171875 -0.875 0.0328124
0.25 -0.140625 -0.875 0.0328124
0.453125 -0.140625 -0.875 0.0328124
-0.625 -0.125 -0.875 0.0328124
-0.296875 -0.125 -0.875 0.0328124
0.5 -0.109375 -0.875 0.0328124
0.25 -0.078125 -0.875 0.0328124
-0.3125 -0.0625 -0.875 0.0328124
-0.328125 0 -0.875 0.0328124
0.359375 0 -0.875 0.0328124
0.515625 0.015625 -0.875 0.0328124
-0.609375 0.046875 -0.875 0.0328124
-0.296875 0.046875 -0.875 0.0328124
0.4375 0.046875 -0.875 0.0328124
0.234375 0.0625 -0.875 0.0328124
-0.53125 0.078125 -0.875 0.0328124
-0.265625 0.09375 -0.875 0.0328124
0.671875 0.09375 -0.875 0.0328124
0.203125 0.125 -0.875 0.0328124
-0.40625 0.15625 -0.875 0.0328124
-0.234375 0.171875 -0.875 0.0328124
-0.171875 0.203125 -0.875 0.0328124
0.125 0.203125 -0.875 0.0328124
0.4375 0.21875 -0.875 0.0328124
0.671875 0.21875 -0.875 0.0328124
-0.3125 0.25 -0.875 0.0328124
-0.078125 0.25 -0.875 0.0328124
0.015625 0.25 -0.875 0.0328124
-0.5 0.328125 -0.875 0.0328124
-0.09375 0.34375 -0.875 0.0328124
0.40625 0.359375 -0.875 0.0328124
-0.46875 0.375 -0.875 0.0328124
0.109375 0.4375 -0.875 0.0328124
-0.6875 0.484375 -0.875 0.0328124
0.03125 0.5 -0.875 0.0328124
-0.09375 0.515625 -0.875 0.0328124
0.359375 0.5625 -0.875 0.0328124
0.015625 0.578125 -0.875 0.0328124
0.109375 0.671875 -0.875 0.0328124
-0.40625 0.03125 0.859375 0.0328124
