7.153723890264443071e+03 4.785516968427799611e+02 -2.133787362835728800e+03 1.658174203073631077e+02
6.961936600692092725e+03 7.806653817809817610e+02 -2.279345442287084552e+03 1.598561176702016553e+02
7.107614597109939496e+03 8.661506401077251667e+02 -2.600954543480945631e+03 6.531179400465508422e+01
7.162181772411851853e+03 6.334712061571256072e+02 -2.459327276793391320e+03 1.205553459674287069e+02
6.961883948124501330e+03 6.952893166753652849e+02 -2.600976571606463040e+03 8.804811202061691233e+01
7.402655249014799665e+03 6.814160514458171747e+02 -2.394309821691290836e+03 8.207176371517245173e+01
7.618885312517571037e+03 6.553291169947169692e+02 -2.327921496518556978e+03 1.028598449925748355e+02
7.399936580158950164e+03 8.951861549959081685e+02 -2.213128706998531015e+03 6.263254769767423369e+01
7.057977208044721920e+03 8.091913373480775817e+02 -2.494785669867907473e+03 6.465736614752790956e+01
7.521357918729329867e+03 7.531827074393828525e+02 -2.122859086114490310e+03 1.350754884284604600e+02
7.349614330581414833e+03 5.682038400442903594e+02 -2.462084823984233935e+03 5.850443799355675623e+01
6.961769463033824650e+03 6.588898884973262966e+02 -2.459707666858569610e+03 5.644573340968371156e+01
7.297253842890268061e+03 7.941869311561599716e+02 -2.257284630988317531e+03 5.977753893277782993e+01
7.299888447725839796e+03 7.424430048924765515e+02 -2.458257914565170722e+03 5.325389652601886326e+01
7.453279022163671470e+03 6.063959021251405375e+02 -2.500605680162612316e+03 5.727764711463612457e+01
7.156886126191508993e+03 7.478787971353065132e+02 -2.601221384116041008e+03 4.642588588429497065e+01
7.499970529026209988e+03 5.493670887937546468e+02 -2.418213750242895458e+03 5.314206825900500064e+01
7.275723191326284905e+03 6.894665877077873120e+02 -2.327939969687491612e+03 6.125129364585458802e+01
7.446140501108077842e+03 7.447583377304861187e+02 -2.491219514396082104e+03 4.112437833002934440e+01
7.333235385700424558e+03 6.618498903234990394e+02 -2.514333546778145319e+03 4.967277320413336383e+01
7.317704139523194499e+03 5.951571362138425911e+02 -2.360020721624955058e+03 4.340495187265314314e+01
