2.143111203025031557e+02 1.750008933817372281e+02 1.785610770946181844e+02 1.746728378643075814e+02
5.714873157907147743e+02 1.749810093655875392e+02 -7.860470863814462916e+01 1.747519653252997500e+02
5.715835862012149846e+02 1.750003970120806116e+02 3.073263176481191863e+02 1.747426693737881749e+02
8.516475631570688165e+02 1.483983606967524338e+02 1.483508152548635906e+02 1.483049396979248513e+02
8.579310803986635392e+02 2.399230183289633658e+02 3.899230355815413418e+02 1.100227324468368124e+02
2.900942990763107332e+02 8.984724981809235089e+01 -6.015275164196260249e+01 8.979428534073541357e+01
2.852193922101383805e+02 2.648539872981000372e+02 -6.467427838795575212e+01 8.503216330869284434e+01
9.439966387711970697e+01 9.441225079798425668e+01 4.056002576459316060e+02 9.434309529957640450e+01
8.185807323757668996e+01 2.681420858247798833e+02 3.779760039810842613e+02 8.166401914941434370e+01
3.342141404337080530e+02 9.440513704223424440e+01 4.055948784298085457e+02 9.435145300341322638e+01
3.438986230369119994e+02 2.684843975084806402e+02 3.792184263673176474e+02 8.124544688969385220e+01
4.382502054300285863e+02 7.801563486204145192e+01 1.130931411549782553e+02 7.768312112785433499e+01
4.382166012971654254e+02 2.719982309452032041e+02 1.130384365621181360e+02 7.767175066634709424e+01
9.276085080090470001e+02 7.239154919496942853e+01 3.708795009001353264e+02 7.233763825948159365e+01
7.830284628993563274e+02 7.286661238721359268e+01 3.858484166845564687e+02 7.252961567348873473e+01
4.879585972557717355e+02 8.795833966372907753e+01 -3.120418553199847338e+02 8.791790565972496552e+01
6.630575863011277988e+02 8.701557999559646817e+01 -3.130184312656079442e+02 8.676401283492455718e+01
5.745497538198262646e+02 2.679750173872250230e+02 -3.179758055371390242e+02 8.197880491566300520e+01
2.141262060191577348e+02 2.059177139880576988e+02 4.290770325936152858e+02 7.055122344545782198e+01
6.797147937972844147e+02 2.799601407703782456e+02 1.143195637122287565e+02 6.973663188613137720e+01
6.582956793735465908e+02 6.408910468294121188e+01 1.143410225149773254e+02 6.377915238960787292e+01
5.680139634477543353e+01 5.680606003869716147e+01 5.680039386579474581e+01 5.675562468469406241e+01
5.679747168818479963e+01 2.931746327425437357e+02 5.679740576088829584e+01 5.675350304604631901e+01
7.118922829358699573e+02 2.947489509068423104e+02 4.447491828468015456e+02 5.519531857686455822e+01
9.472606030691632668e+02 2.972604467432228148e+02 5.275629164381870595e+01 5.269822570612461021e+01
9.439397737181304819e+02 2.939397945891436166e+02 2.582870404971949370e+02 5.599986832297830830e+01
7.766833088324515302e+02 3.011788121609732229e+02 4.882119548078309634e+01 4.878602963711625762e+01
7.653516683485684098e+02 2.940275500258381385e+02 2.627743826043339936e+02 5.570643263456266681e+01
5.625178315650122158e+02 3.004426676629404938e+02 1.142483527059093120e+02 4.898503487515289123e+01
2.139403458025334146e+02 3.026064444490050960e+02 3.615048090076015797e+02 4.716197788389924028e+01
2.142971934168141956e+02 4.458816637370285463e+01 3.561791873692415606e+02 4.424769779966990768e+01
7.049942825014230721e+02 4.500574575484508699e+01 -1.951948210415320659e+02 4.491759759622134851e+01
6.979300448311727223e+02 2.186641787962929300e+02 -3.402491337480993252e+02 5.180551363228369866e+01
6.911511388187221883e+02 2.911518180531521693e+02 -2.424529291266997575e+02 5.881956075064412204e+01
2.143014173370282833e+02 4.462102679858438847e+01 4.553763340945879463e+02 4.452936154440448746e+01
8.602534652998655247e+02 3.012075565873236656e+02 4.896141874790045279e+01 3.401688044776518183e+01
7.098330967801223323e+02 3.098588826054077003e+02 -3.382160003227597826e+02 3.983068089736639195e+01
4.938514116648872232e+02 1.749996285065119821e+02 1.143855551791200611e+02 3.299519431335207997e+01
6.664638550362988099e+02 1.702160210779603347e+02 1.143351509731079290e+02 4.005143717173643836e+01
8.539688862683475463e+02 3.116649045161466915e+02 2.392672195000485829e+02 3.738970369017827977e+01
5.560730061258988144e+02 8.216462536215576051e+01 1.143753187347163873e+02 3.957495903564512219e+01
4.552032423394563239e+02 2.206585635447109439e+02 -2.711615899834005177e+02 5.430445745771357480e+01
3.387081494950721776e+02 4.312225279694806090e+01 5.431180966230643747e+01 4.275116877778074809e+01
3.394209877314502819e+02 3.044624963643888123e+02 4.717190703339590385e+01 4.512690935016999561e+01
4.434491231547833081e+02 4.344824345225230644e+01 -1.966337163218497039e+02 4.340722521030949110e+01
4.489634525557154916e+02 2.869599776676971601e+02 -3.504577971303138497e+02 4.872042655366082897e+01
4.473461179418815163e+02 3.026538748903388409e+02 -2.114439799420036081e+02 4.728458447352778649e+01
9.576087523252713254e+02 1.616054086788830944e+02 3.058570683009219238e+02 4.163770921956528781e+01
3.650127315054956512e+02 1.852393224496941571e+02 1.095350067164385166e+01 5.025122530490549622e+01
7.240115345493408086e+02 6.922512010161963758e+01 3.234210032859792960e+01 4.104212646994116653e+01
3.967449535537029988e+02 5.162975941671966496e+01 2.333794198469902312e+02 5.134911329708287298e+01
3.967939902676270094e+02 2.983817228175706759e+02 2.333150393582323545e+02 5.133720522240167128e+01
5.106213879366382713e+01 5.106200736446118071e+01 2.732109729137364980e+02 5.102933335480128818e+01
4.826933271494062438e+01 3.017306641125987881e+02 2.565601828130650688e+02 4.822767076325798996e+01
4.107628603756562029e+02 3.057079244296408547e+02 -7.593213239825365335e+00 4.400338149854218273e+01
4.077218070643262422e+02 4.607829604274918012e+01 -5.603574419385310534e+00 4.580287855759550553e+01
1.959308813922596926e+02 1.773451093559167475e+02 -1.040691473287234317e+02 4.585703330406045808e+01
7.138481149709364217e+02 3.138481144499581887e+02 -8.274116308329386271e+00 3.593663560131474100e+01
7.135450226060091836e+02 3.135450243480841550e+02 -1.511542850991368425e+02 3.626651709680535163e+01
7.249816844637929307e+02 4.065666891830911567e+01 2.386973477228956426e+02 4.016334699963011445e+01
4.503007837799272579e+02 2.998336530980977273e+02 4.498336517276703148e+02 5.011413492413257842e+01
8.473910882295975853e+02 3.956471124322555255e+01 3.007734398577171078e+02 3.872829235475426657e+01
6.538765590489472288e+02 1.990446627282894099e+02 -2.688458255701960979e+02 3.360894845643161233e+01
4.240225441025157238e+01 4.238794072028201754e+01 1.773848980614073412e+02 4.233670347557604430e+01
1.450492577594258137e+02 3.604718010631040670e+01 3.604602566849065681e+01 3.599414776211609279e+01
1.424606427226093217e+02 3.108141812358568856e+01 3.073961339223991445e+02 3.084563325739532402e+01
2.859160194603617811e+02 3.105861362802242454e+01 3.074447468952305940e+02 3.082322655242862552e+01
3.582284041754082295e+02 2.989565790255342748e+01 3.021641294302510801e+02 2.961695936497934056e+01
4.030291406824940736e+02 4.192506509398688763e+01 -1.081845038190271282e+02 4.186548944090237967e+01
4.202702547760773655e+02 3.292266726548167810e+01 3.129088323398039506e+02 3.262395252976951099e+01
4.388779058147885053e+02 3.151284107167505155e+01 3.749226471451876819e+02 3.122459602318600957e+01
4.603007034114240241e+02 4.781220383016628261e+01 4.521877987734382600e+02 4.775883697437697606e+01
5.041118317426746103e+02 2.846617605321579703e+01 4.613608591851622265e+01 2.819582331041310397e+01
5.032997756213474645e+02 2.887802638698307689e+01 1.817983009509526084e+02 2.861296393121807213e+01
6.842537365647816614e+02 4.808345795111749510e+01 4.518981462889740328e+02 4.789497799393231503e+01
7.188650205770102275e+02 3.113510027915504352e+01 -7.883758686536225468e+01 3.108477635963899388e+01
7.210841142086234186e+02 3.207817206787287034e+01 3.108099253118082856e+02 3.180108208044939389e+01
8.637355972782171420e+02 4.095116376936584857e+01 4.590488384428752511e+02 4.090076932984867852e+01
9.600081644449687701e+02 3.948639984111158441e+01 3.939318022775121619e+01 3.927290775853285965e+01
9.580194084225790903e+02 4.198057976195416074e+01 2.648812185925179392e+02 4.192268935322974954e+01
4.259935383802258002e+01 3.074006424116053608e+02 1.642298720722809264e+02 4.254453259859280934e+01
1.450385336728356265e+02 3.139528369753023185e+02 3.604713799650255623e+01 3.599455201722179964e+01
1.453650008424370981e+02 3.209419344992576271e+02 3.041576501963531314e+02 2.879668299187667557e+01
2.139307788576496989e+02 3.126908506004723449e+02 4.456362195912902848e+02 3.706483200868220962e+01
2.828696261041915818e+02 3.210767356773883421e+02 3.040078239295126536e+02 2.866180017548561310e+01
4.085908470038443170e+02 3.117685483073598789e+02 -9.110621554072146466e+01 3.804529825245850816e+01
4.218680645894949635e+02 3.178259900894199745e+02 3.110196822667334686e+02 3.190257743907177712e+01
5.039519942363368727e+02 3.215816934667279838e+02 4.608490063763218814e+01 2.815308955373874866e+01
5.031312576919706885e+02 3.211362717652093579e+02 1.818410201937351474e+02 2.859785843851083342e+01
7.188318655404343644e+02 3.188318651332912168e+02 -7.907384521878702799e+01 3.112547189982642593e+01
7.859860778174383995e+02 3.162275783410858025e+02 1.777395638149701256e+02 3.354253423859034910e+01
8.575101054467094173e+02 3.219416236841915406e+02 1.142738921031445471e+02 2.781392211712547180e+01
9.572435543307913122e+02 3.072433061879441425e+02 1.604096639655892886e+02 4.270680053686263022e+01
8.578980660388260731e+02 3.224666372210035661e+02 1.752530817750507310e+02 2.722661200833868378e+01
2.142114084566366046e+02 1.190484502646093716e+02 3.764527290007061993e+02 3.062832109384504164e+01
5.715544174568502740e+02 2.258636577195550217e+02 1.143627358142797021e+02 2.455689868997602332e+01
5.764660580338467071e+02 3.692841106317924016e+01 -2.400664917907375298e+02 3.663126403997217295e+01
7.307347382616723053e+02 3.106848549791134246e+02 3.531314677521341991e+02 3.902095955946040817e+01
7.132239778629365219e+02 2.715114908553830730e+01 -2.021170175220552068e+01 2.687429672663415658e+01
4.294009456386491479e+02 1.221498830410684633e+02 -2.153659886902415224e+02 2.914917376350942391e+01
4.205081358735923800e+02 2.127486953346793825e+02 4.579015318977004085e+02 4.150633028751678211e+01
