5.000000000000000000e+01 5.000000002224786044e+01 5.002961682432428603e+01 4.963062425683328627e+01
1.988863022471461406e+01 8.008113690009255947e+01 1.051057316112394489e+02 1.984877011678524639e+01
8.012501217615577787e+01 8.010691850503515354e+01 1.050373260012623859e+02 1.983541541848430612e+01
5.002669413894484762e+01 6.699888295651972214e+01 1.111275640724151543e+02 1.322475628603942432e+01
1.351711105834503712e+01 1.351110376081563658e+01 8.651178247282064149e+01 1.343732995563900445e+01
8.647619557358154907e+01 1.346975102623243004e+01 8.647690553578480888e+01 1.343837300061208317e+01
1.351426413962510686e+01 1.351377520077766370e+01 1.351403461585540811e+01 1.347767284907146923e+01
8.644358210277034971e+01 1.350330653170205686e+01 1.350342926362840501e+01 1.346856405296386150e+01
8.648081842203892222e+01 8.648107575826466586e+01 1.351962606428790892e+01 1.347943688303071497e+01
1.351726236262764402e+01 8.648279555569612853e+01 1.351837635996006526e+01 1.347917283546598455e+01
5.000039857877165161e+01 8.802850452102185841e+01 9.804104317646694255e+01 1.105379948550150715e+01
9.415008048826774001e+00 9.415007737150459022e+00 3.611312328543207428e+01 9.334535106678334415e+00
8.872028984171935306e+00 8.872029005329311602e+00 5.700558594618058095e+01 8.691964815644425357e+00
3.621131496010121964e+01 9.405706549692418150e+00 9.405707669311293984e+00 9.337226660370838260e+00
3.609793680117356018e+01 9.398793947578655050e+00 9.060120631163186999e+01 9.337969724293108342e+00
6.022041259365684596e+01 9.078804191802980483e+00 9.078804189092920751e+00 8.898775159402488200e+00
5.928242686547820739e+01 8.995559150167446560e+00 9.100444050083805791e+01 8.811719933060119914e+00
9.058524852403969874e+01 9.414763180751716476e+00 3.612260794526460472e+01 9.377842655219676971e+00
9.063390739092940862e+01 9.365398584452051978e+00 6.358538233263347195e+01 9.311331219765115463e+00
9.407668928021491794e+00 3.623238654174766538e+01 9.407668499881902235e+00 9.375708462548423938e+00
9.399678012517426851e+00 3.608200840067829063e+01 9.060064714455859303e+01 9.332299736003628610e+00
